750.0000	92.8639
749.0000	92.8236
748.0000	92.9736
747.0000	92.9097
746.0000	92.6913
745.0000	92.5964
744.0000	92.7747
743.0000	92.8788
742.0000	92.7345
741.0000	92.5692
740.0000	92.5601
739.0000	92.6285
738.0000	92.4442
737.0000	92.2405
736.0000	92.2431
735.0000	92.1549
734.0000	92.1117
733.0000	91.8557
732.0000	91.9803
731.0000	91.7842
730.0000	91.8957
729.0000	91.6404
728.0000	91.5352
727.0000	91.3506
726.0000	91.2494
725.0000	91.2115
724.0000	91.1923
723.0000	90.9755
722.0000	90.6735
721.0000	90.5507
720.0000	90.4112
719.0000	90.3656
718.0000	90.1738
717.0000	89.8847
716.0000	89.775
715.0000	89.5419
714.0000	89.363
713.0000	88.9829
712.0000	88.723
711.0000	88.4603
710.0000	88.2013
709.0000	87.9954
708.0000	87.7264
707.0000	87.4853
706.0000	87.0835
705.0000	86.5854
704.0000	86.0992
703.0000	85.421
702.0000	84.9088
701.0000	84.2735
700.0000	83.736
699.0000	83.1482
698.0000	82.4775
697.0000	81.8093
696.0000	81.0886
695.0000	80.2381
694.0000	79.3834
693.0000	78.5181
692.0000	77.7066
691.0000	76.6487
690.0000	75.6115
689.0000	74.5365
688.0000	73.4573
687.0000	72.3447
686.0000	71.1759
685.0000	69.951
684.0000	68.7142
683.0000	67.3768
682.0000	66.0591
681.0000	64.6115
680.0000	63.1915
679.0000	61.8038
678.0000	60.3271
677.0000	58.8905
676.0000	57.406
675.0000	55.9819
674.0000	54.5177
673.0000	53.0639
672.0000	51.5445
671.0000	50.0668
670.0000	48.6117
669.0000	47.1199
668.0000	45.5475
667.0000	43.9567
666.0000	42.4397
665.0000	40.9605
664.0000	39.5688
663.0000	38.1908
662.0000	36.736
661.0000	35.3492
660.0000	34.0782
659.0000	32.7845
658.0000	31.5308
657.0000	30.3001
656.0000	29.2219
655.0000	28.1086
654.0000	27.0203
653.0000	25.9371
652.0000	24.9083
651.0000	23.9613
650.0000	23.0859
649.0000	22.2388
648.0000	21.4504
647.0000	20.7022
646.0000	19.977
645.0000	19.3103
644.0000	18.6889
643.0000	18.1072
642.0000	17.6251
641.0000	17.1836
640.0000	16.8019
639.0000	16.4158
638.0000	16.1
637.0000	15.7611
636.0000	15.5003
635.0000	15.2316
634.0000	15.0412
633.0000	14.8717
632.0000	14.7215
631.0000	14.5923
630.0000	14.4575
629.0000	14.3134
628.0000	14.2105
627.0000	14.1055
626.0000	14.0678
625.0000	14.0408
624.0000	14.0185
623.0000	14.0124
622.0000	14.0242
621.0000	14.0638
620.0000	14.0947
619.0000	14.1638
618.0000	14.2277
617.0000	14.2965
616.0000	14.3654
615.0000	14.3966
614.0000	14.4437
613.0000	14.4359
612.0000	14.4302
611.0000	14.4363
610.0000	14.4001
609.0000	14.3529
608.0000	14.276
607.0000	14.176
606.0000	14.0784
605.0000	13.9675
604.0000	13.9011
603.0000	13.8305
602.0000	13.7639
601.0000	13.6959
600.0000	13.6532
599.0000	13.5969
598.0000	13.545
597.0000	13.5068
596.0000	13.4911
595.0000	13.4955
594.0000	13.4715
593.0000	13.4427
592.0000	13.4152
591.0000	13.4106
590.0000	13.4014
589.0000	13.4226
588.0000	13.4263
587.0000	13.4424
586.0000	13.4579
585.0000	13.4494
584.0000	13.4527
583.0000	13.4623
582.0000	13.4717
581.0000	13.5144
580.0000	13.5512
579.0000	13.6172
578.0000	13.6818
577.0000	13.7774
576.0000	13.8789
575.0000	13.9818
574.0000	14.1124
573.0000	14.2474
572.0000	14.4032
571.0000	14.5326
570.0000	14.7236
569.0000	14.9014
568.0000	15.1053
567.0000	15.2996
566.0000	15.4943
565.0000	15.7234
564.0000	15.9263
563.0000	16.1267
562.0000	16.3239
561.0000	16.5234
560.0000	16.7604
559.0000	17.0102
558.0000	17.2998
557.0000	17.6305
556.0000	17.9187
555.0000	18.1479
554.0000	18.2241
553.0000	18.2016
552.0000	18.1291
551.0000	18.038
550.0000	18.0492
549.0000	18.1033
548.0000	18.2136
547.0000	18.3055
546.0000	18.4641
545.0000	18.6188
544.0000	18.8596
543.0000	19.1227
542.0000	19.4491
541.0000	19.8405
540.0000	20.3251
539.0000	20.8862
538.0000	21.4848
537.0000	22.1263
536.0000	22.8124
535.0000	23.4837
534.0000	24.1904
533.0000	24.8942
532.0000	25.6557
531.0000	26.4368
530.0000	27.238
529.0000	28.0553
528.0000	28.8475
527.0000	29.7322
526.0000	30.5811
525.0000	31.4847
524.0000	32.4157
523.0000	33.3504
522.0000	34.4124
521.0000	35.4989
520.0000	36.645
519.0000	37.807
518.0000	38.8952
517.0000	40.0791
516.0000	41.297
515.0000	42.4942
514.0000	43.6717
513.0000	44.8667
512.0000	46.1526
511.0000	47.4478
510.0000	48.6703
509.0000	49.8415
508.0000	51.0072
507.0000	52.1466
506.0000	53.3473
505.0000	54.4873
504.0000	55.6349
503.0000	56.7118
502.0000	57.7208
501.0000	58.8576
500.0000	59.8165
499.0000	60.7906
498.0000	61.5327
497.0000	62.21
496.0000	62.8021
495.0000	63.2784
494.0000	63.6701
493.0000	63.8465
492.0000	63.9695
491.0000	63.9318
490.0000	63.7864
489.0000	63.513
488.0000	63.1327
487.0000	62.6018
486.0000	61.8734
485.0000	61.1095
484.0000	60.2809
483.0000	59.3687
482.0000	58.5899
481.0000	57.9098
480.0000	57.6581
479.0000	57.6258
478.0000	57.985
477.0000	58.5928
476.0000	59.4438
475.0000	60.1848
474.0000	61.0063
473.0000	61.6428
472.0000	62.2893
471.0000	62.7541
470.0000	63.2112
469.0000	63.6414
468.0000	63.8907
467.0000	64.1364
466.0000	64.3508
465.0000	64.6236
464.0000	64.7645
463.0000	64.8801
462.0000	65.0386
461.0000	65.1551
460.0000	65.2492
459.0000	65.3178
458.0000	65.385
457.0000	65.4019
456.0000	65.2922
455.0000	65.2719
454.0000	65.3707
453.0000	65.3909
452.0000	65.4945
451.0000	65.4711
450.0000	65.5764
449.0000	65.6033
448.0000	65.7089
447.0000	65.7007
446.0000	65.7508
445.0000	65.792
444.0000	65.8675
443.0000	65.9316
442.0000	65.9164
441.0000	65.9818
440.0000	66.0412
439.0000	66.0522
438.0000	65.9236
437.0000	65.7858
436.0000	65.633
435.0000	65.4468
434.0000	65.305
433.0000	65.1108
432.0000	64.9172
431.0000	64.7445
430.0000	64.626
429.0000	64.3828
428.0000	64.1783
427.0000	63.9365
426.0000	63.7687
425.0000	63.5023
424.0000	63.2244
423.0000	62.9086
422.0000	62.6238
421.0000	62.3188
420.0000	62.0743
419.0000	61.7569
418.0000	61.4145
417.0000	60.9114
416.0000	60.6164
415.0000	60.1055
414.0000	59.6441
413.0000	58.9533
412.0000	58.2681
411.0000	57.5526
410.0000	56.8151
409.0000	56.0357
408.0000	55.5617
407.0000	55.2789
406.0000	55.1364
405.0000	55.061
404.0000	54.9842
403.0000	54.8272
402.0000	54.6625
401.0000	54.4679
400.0000	54.2741
399.0000	54.0002
398.0000	53.6906
397.0000	53.4309
396.0000	53.1848
395.0000	52.9058
394.0000	52.6271
393.0000	52.3023
392.0000	51.7997
391.0000	51.4906
390.0000	51.0651
389.0000	50.9858
388.0000	50.4405
387.0000	50.2704
386.0000	49.859
385.0000	49.5334
384.0000	49.1903
383.0000	48.8536
382.0000	48.5583
381.0000	48.3176
380.0000	47.9301
379.0000	47.6063
378.0000	47.2375
377.0000	46.8101
376.0000	46.6438
375.0000	46.2499
374.0000	46.0557
373.0000	45.7065
372.0000	45.4089
371.0000	45.0535
370.0000	44.9395
369.0000	44.6089
368.0000	44.4848
367.0000	44.1091
366.0000	43.9682
365.0000	43.6624
364.0000	43.4455
363.0000	43.2506
362.0000	42.8668
361.0000	42.5674
360.0000	42.3375
359.0000	42.3431
358.0000	42.1626
357.0000	41.9217
356.0000	41.6542
355.0000	41.5012
354.0000	41.2527
353.0000	40.8961
352.0000	40.6085
351.0000	40.5285
350.0000	40.3134