 340.19	   0.00E+0
 340.57	  -1.50E+2
 340.95	   1.00E+2
 341.32	   0.00E+0
 341.70	  -3.33E+1
 342.08	   5.00E+1
 342.45	   1.00E+2
 342.83	   1.20E+2
 343.21	   2.00E+1
 343.58	   1.00E+2
 343.96	   1.80E+2
 344.34	   0.00E+0
 344.71	  -1.67E+1
 345.09	   5.00E+1
 345.46	  -1.00E+2
 345.84	   7.50E+1
 346.22	   4.00E+2
 346.59	   1.33E+2
 346.97	   1.40E+2
 347.35	   2.00E+2
 347.72	   1.50E+2
 348.10	   0.00E+0
 348.47	  -2.00E+2
 348.85	   1.00E+2
 349.23	   8.33E+1
 349.60	   1.25E+2
 349.98	   6.25E+1
 350.35	   0.00E+0
 350.73	   2.50E+1
 351.10	   2.00E+2
 351.48	   7.78E+1
 351.86	   6.00E+1
 352.23	   6.25E+1
 352.61	   8.33E+1
 352.98	   1.40E+2
 353.36	   2.86E+1
 353.73	  -5.00E+1
 354.11	  -4.00E+1
 354.49	  -2.00E+2
 354.86	  -1.50E+2
 355.24	  -6.67E+1
 355.61	   2.50E+1
 355.99	   2.00E+1
 356.36	  -6.67E+1
 356.74	   7.50E+1
 357.11	   6.67E+1
 357.49	   4.00E+1
 357.86	  -1.00E+2
 358.24	   2.22E+1
 358.61	   7.50E+1
 358.99	  -2.86E+1
 359.36	   2.50E+1
 359.74	  -1.25E+1
 360.11	   5.71E+1
 360.49	  -5.71E+1
 360.86	  -3.75E+1
 361.24	   2.73E+1
 361.61	   1.00E+2
 361.99	   0.00E+0
 362.36	  -3.33E+1
 362.74	   8.33E+0
 363.11	   6.00E+1
 363.49	   5.00E+1
 363.86	  -1.00E+2
 364.24	  -2.25E+2
 364.61	   0.00E+0
 364.99	   2.86E+1
 365.36	   2.73E+1
 365.74	   5.71E+1
 366.11	   2.86E+1
 366.48	   0.00E+0
 366.86	   3.64E+1
 367.23	   3.33E+1
 367.61	   1.33E+1
 367.98	   3.33E+1
 368.36	   4.17E+1
 368.73	   1.76E+1
 369.11	  -7.14E+0
 369.48	  -1.43E+1
 369.85	   1.67E+1
 370.23	   5.56E+1
 370.60	  -2.31E+1
 370.98	   2.22E+1
 371.35	   3.33E+1
 371.72	  -1.11E+1
 372.10	  -4.38E+1
 372.47	   6.25E+0
 372.85	   7.14E+0
 373.22	   0.00E+0
 373.59	   3.67E+1
 373.97	   4.29E+1
 374.34	   1.43E+1
 374.71	  -1.33E+1
 375.09	  -6.25E+0
 375.46	  -1.58E+1
 375.84	   0.00E+0
 376.21	   1.36E+1
 376.58	   2.31E+1
 376.96	  -4.55E+0
 377.33	   1.85E+1
 377.70	   7.41E+0
 378.08	   0.00E+0
 378.45	   0.00E+0
 378.82	   2.14E+1
 379.20	  -2.73E+1
 379.57	   1.25E+1
 379.94	   6.45E+0
 380.32	   7.41E+0
 380.69	   2.14E+1
 381.06	  -1.43E+1
 381.44	   1.38E+1
 381.81	   9.09E+0
 382.18	  -1.11E+1
 382.56	  -2.86E+0
 382.93	   5.41E+0
 383.30	   1.67E+1
 383.67	   1.18E+1
 384.05	   3.12E+0
 384.42	   5.88E+0
 384.79	   4.88E+0
 385.17	   2.38E+0
 385.54	   1.22E+1
 385.91	   1.60E+1
 386.28	   1.33E+1
 386.66	   9.52E+0
 387.03	   9.09E+0
 387.40	   4.76E+0
 387.78	   1.74E+1
 388.15	   1.25E+1
 388.52	   1.63E+1
 388.89	   1.54E+1
 389.27	   1.11E+1
 389.64	  -3.70E+0
 390.01	   1.22E+1
 390.38	   1.45E+1
 390.75	   1.72E+1
 391.13	   3.15E+1
 391.50	   1.00E+1
 391.87	   9.37E+0
 392.24	   2.14E+1
 392.62	   1.33E+1
 392.99	   1.76E+1
 393.36	   1.97E+1
 393.73	   1.33E+1
 394.10	   1.64E+1
 394.48	   2.31E+1
 394.85	   2.35E+1
 395.22	   1.32E+1
 395.59	   2.03E+1
 395.96	   2.63E+1
 396.34	   2.33E+1
 396.71	   2.39E+1
 397.08	   1.97E+1
 397.45	   2.53E+1
 397.82	   1.65E+1
 398.19	   2.30E+1
 398.57	   1.83E+1
 398.94	   2.13E+1
 399.31	   2.32E+1
 399.68	   2.27E+1
 400.05	   1.32E+1
 400.42	   2.00E+1
 400.79	   2.41E+1
 401.17	   2.33E+1
 401.54	   1.50E+1
 401.91	   2.33E+1
 402.28	   2.89E+1
 402.65	   2.28E+1
 403.02	   2.39E+1
 403.39	   1.74E+1
 403.76	   2.78E+1
 404.14	   3.33E+1
 404.51	   2.21E+1
 404.88	   3.54E+1
 405.25	   2.43E+1
 405.62	   3.14E+1
 405.99	   2.96E+1
 406.36	   3.05E+1
 406.73	   2.72E+1
 407.10	   2.74E+1
 407.47	   2.90E+1
 407.84	   2.35E+1
 408.22	   2.92E+1
 408.59	   3.04E+1
 408.96	   3.03E+1
 409.33	   2.60E+1
 409.70	   2.59E+1
 410.07	   3.04E+1
 410.44	   3.31E+1
 410.81	   2.73E+1
 411.18	   2.83E+1
 411.55	   2.86E+1
 411.92	   3.28E+1
 412.29	   2.79E+1
 412.66	   3.05E+1
 413.03	   2.70E+1
 413.40	   3.41E+1
 413.77	   3.26E+1
 414.14	   3.11E+1
 414.51	   3.01E+1
 414.88	   3.02E+1
 415.25	   3.10E+1
 415.62	   3.29E+1
 415.99	   2.95E+1
 416.36	   3.45E+1
 416.73	   2.79E+1
 417.10	   3.18E+1
 417.47	   3.24E+1
 417.84	   2.99E+1
 418.21	   3.23E+1
 418.58	   3.22E+1
 418.95	   3.16E+1
 419.32	   2.71E+1
 419.69	   3.10E+1
 420.06	   3.04E+1
 420.43	   3.45E+1
 420.80	   2.98E+1
 421.17	   3.09E+1
 421.54	   3.49E+1
 421.91	   2.82E+1
 422.28	   3.46E+1
 422.65	   2.98E+1
 423.02	   3.20E+1
 423.39	   2.77E+1
 423.76	   3.21E+1
 424.12	   3.41E+1
 424.49	   3.19E+1
 424.86	   3.33E+1
 425.23	   3.76E+1
 425.60	   3.35E+1
 425.97	   3.05E+1
 426.34	   3.55E+1
 426.71	   3.41E+1
 427.08	   3.27E+1
 427.45	   3.27E+1
 427.82	   3.09E+1
 428.18	   3.37E+1
 428.55	   3.39E+1
 428.92	   3.30E+1
 429.29	   3.01E+1
 429.66	   3.26E+1
 430.03	   3.33E+1
 430.40	   3.24E+1
 430.77	   3.02E+1
 431.13	   3.70E+1
 431.50	   3.38E+1
 431.87	   3.18E+1
 432.24	   3.54E+1
 432.61	   3.51E+1
 432.98	   3.71E+1
 433.34	   3.60E+1
 433.71	   3.74E+1
 434.08	   3.48E+1
 434.45	   3.31E+1
 434.82	   3.28E+1
 435.19	   4.16E+1
 435.55	   3.95E+1
 435.92	   3.77E+1
 436.29	   3.87E+1
 436.66	   3.79E+1
 437.03	   3.33E+1
 437.39	   3.54E+1
 437.76	   3.46E+1
 438.13	   3.82E+1
 438.50	   3.70E+1
 438.87	   3.69E+1
 439.23	   3.73E+1
 439.60	   3.89E+1
 439.97	   3.93E+1
 440.34	   3.75E+1
 440.70	   3.87E+1
 441.07	   3.79E+1
 441.44	   3.52E+1
 441.81	   3.83E+1
 442.18	   3.75E+1
 442.54	   4.20E+1
 442.91	   3.78E+1
 443.28	   3.97E+1
 443.65	   3.83E+1
 444.01	   3.76E+1
 444.38	   4.14E+1
 444.75	   3.99E+1
 445.11	   4.04E+1
 445.48	   3.91E+1
 445.85	   4.11E+1
 446.22	   4.23E+1
 446.58	   4.14E+1
 446.95	   3.89E+1
 447.32	   4.00E+1
 447.68	   4.27E+1
 448.05	   4.51E+1
 448.42	   4.28E+1
 448.79	   3.89E+1
 449.15	   4.10E+1
 449.52	   3.91E+1
 449.89	   3.96E+1
 450.25	   4.15E+1
 450.62	   4.08E+1
 450.99	   3.95E+1
 451.35	   3.97E+1
 451.72	   4.27E+1
 452.09	   4.42E+1
 452.45	   3.97E+1
 452.82	   4.09E+1
 453.19	   4.03E+1
 453.55	   4.39E+1
 453.92	   4.29E+1
 454.28	   4.33E+1
 454.65	   4.29E+1
 455.02	   3.96E+1
 455.38	   4.43E+1
 455.75	   4.53E+1
 456.12	   4.14E+1
 456.48	   4.20E+1
 456.85	   4.29E+1
 457.21	   4.25E+1
 457.58	   4.38E+1
 457.95	   4.21E+1
 458.31	   4.37E+1
 458.68	   4.25E+1
 459.04	   4.15E+1
 459.41	   4.28E+1
 459.78	   4.27E+1
 460.14	   4.14E+1
 460.51	   4.48E+1
 460.87	   4.38E+1
 461.24	   4.54E+1
 461.60	   4.22E+1
 461.97	   4.18E+1
 462.34	   4.36E+1
 462.70	   4.34E+1
 463.07	   4.55E+1
 463.43	   4.33E+1
 463.80	   4.44E+1
 464.16	   4.21E+1
 464.53	   4.46E+1
 464.89	   4.39E+1
 465.26	   4.52E+1
 465.62	   4.43E+1
 465.99	   4.34E+1
 466.35	   4.40E+1
 466.72	   4.35E+1
 467.08	   4.44E+1
 467.45	   4.49E+1
 467.81	   4.51E+1
 468.18	   4.46E+1
 468.54	   4.46E+1
 468.91	   4.50E+1
 469.27	   4.36E+1
 469.64	   4.43E+1
 470.00	   4.57E+1
 470.37	   4.23E+1
 470.73	   4.26E+1
 471.10	   4.31E+1
 471.46	   4.35E+1
 471.83	   4.52E+1
 472.19	   4.33E+1
 472.56	   4.50E+1
 472.92	   4.44E+1
 473.29	   4.30E+1
 473.65	   4.43E+1
 474.02	   4.43E+1
 474.38	   4.44E+1
 474.74	   4.39E+1
 475.11	   4.37E+1
 475.47	   4.50E+1
 475.84	   4.38E+1
 476.20	   4.41E+1
 476.57	   4.54E+1
 476.93	   4.34E+1
 477.29	   4.30E+1
 477.66	   4.42E+1
 478.02	   4.40E+1
 478.39	   4.54E+1
 478.75	   4.39E+1
 479.11	   4.42E+1
 479.48	   4.52E+1
 479.84	   4.50E+1
 480.20	   4.55E+1
 480.57	   4.42E+1
 480.93	   4.52E+1
 481.30	   4.53E+1
 481.66	   4.48E+1
 482.02	   4.44E+1
 482.39	   4.46E+1
 482.75	   4.62E+1
 483.11	   4.50E+1
 483.48	   4.57E+1
 483.84	   4.60E+1
 484.20	   4.38E+1
 484.57	   4.60E+1
 484.93	   4.59E+1
 485.29	   4.58E+1
 485.66	   4.51E+1
 486.02	   4.58E+1
 486.38	   4.63E+1
 486.75	   4.63E+1
 487.11	   4.64E+1
 487.47	   4.61E+1
 487.84	   4.66E+1
 488.20	   4.68E+1
 488.56	   4.68E+1
 488.93	   4.73E+1
 489.29	   4.69E+1
 489.65	   4.68E+1
 490.01	   4.58E+1
 490.38	   4.68E+1
 490.74	   4.66E+1
 491.10	   4.72E+1
 491.46	   4.71E+1
 491.83	   4.73E+1
 492.19	   4.77E+1
 492.55	   4.63E+1
 492.92	   4.73E+1
 493.28	   4.78E+1
 493.64	   4.76E+1
 494.00	   4.77E+1
 494.37	   4.82E+1
 494.73	   4.72E+1
 495.09	   4.84E+1
 495.45	   4.79E+1
 495.81	   4.66E+1
 496.18	   4.86E+1
 496.54	   4.77E+1
 496.90	   4.80E+1
 497.26	   4.87E+1
 497.62	   4.83E+1
 497.99	   4.81E+1
 498.35	   4.86E+1
 498.71	   4.67E+1
 499.07	   4.79E+1
 499.43	   4.85E+1
 499.80	   4.76E+1
 500.16	   4.83E+1
 500.52	   4.83E+1
 500.88	   4.86E+1
 501.24	   4.82E+1
 501.60	   4.82E+1
 501.97	   4.85E+1
 502.33	   4.78E+1
 502.69	   4.90E+1
 503.05	   4.81E+1
 503.41	   4.83E+1
 503.77	   4.87E+1
 504.14	   4.80E+1
 504.50	   4.80E+1
 504.86	   4.76E+1
 505.22	   4.85E+1
 505.58	   4.81E+1
 505.94	   4.75E+1
 506.30	   4.75E+1
 506.66	   4.75E+1
 507.03	   4.71E+1
 507.39	   4.78E+1
 507.75	   4.68E+1
 508.11	   4.69E+1
 508.47	   4.73E+1
 508.83	   4.71E+1
 509.19	   4.71E+1
 509.55	   4.71E+1
 509.91	   4.69E+1
 510.27	   4.69E+1
 510.63	   4.73E+1
 510.99	   4.71E+1
 511.36	   4.66E+1
 511.72	   4.65E+1
 512.08	   4.61E+1
 512.44	   4.60E+1
 512.80	   4.61E+1
 513.16	   4.61E+1
 513.52	   4.56E+1
 513.88	   4.56E+1
 514.24	   4.52E+1
 514.60	   4.50E+1
 514.96	   4.48E+1
 515.32	   4.40E+1
 515.68	   4.54E+1
 516.04	   4.49E+1
 516.40	   4.50E+1
 516.76	   4.52E+1
 517.12	   4.38E+1
 517.48	   4.38E+1
 517.84	   4.37E+1
 518.20	   4.37E+1
 518.56	   4.35E+1
 518.92	   4.27E+1
 519.28	   4.29E+1
 519.64	   4.30E+1
 520.00	   4.24E+1
 520.36	   4.33E+1
 520.72	   4.27E+1
 521.08	   4.20E+1
 521.44	   4.17E+1
 521.80	   4.15E+1
 522.16	   4.18E+1
 522.52	   4.09E+1
 522.88	   4.01E+1
 523.23	   4.15E+1
 523.59	   4.03E+1
 523.95	   4.04E+1
 524.31	   4.06E+1
 524.67	   4.06E+1
 525.03	   3.96E+1
 525.39	   4.01E+1
 525.75	   3.91E+1
 526.11	   3.88E+1
 526.47	   3.92E+1
 526.83	   3.86E+1
 527.19	   3.81E+1
 527.54	   3.84E+1
 527.90	   3.83E+1
 528.26	   3.80E+1
 528.62	   3.70E+1
 528.98	   3.71E+1
 529.34	   3.68E+1
 529.70	   3.70E+1
 530.06	   3.72E+1
 530.41	   3.71E+1
 530.77	   3.67E+1
 531.13	   3.64E+1
 531.49	   3.56E+1
 531.85	   3.60E+1
 532.21	   3.53E+1
 532.57	   3.47E+1
 532.92	   3.48E+1
 533.28	   3.48E+1
 533.64	   3.43E+1
 534.00	   3.39E+1
 534.36	   3.41E+1
 534.72	   3.37E+1
 535.07	   3.27E+1
 535.43	   3.30E+1
 535.79	   3.32E+1
 536.15	   3.25E+1
 536.51	   3.28E+1
 536.86	   3.27E+1
 537.22	   3.17E+1
 537.58	   3.12E+1
 537.94	   3.19E+1
 538.29	   3.12E+1
 538.65	   3.08E+1
 539.01	   3.07E+1
 539.37	   3.00E+1
 539.73	   3.08E+1
 540.08	   3.03E+1
 540.44	   2.99E+1
 540.80	   2.95E+1
 541.16	   2.94E+1
 541.51	   2.92E+1
 541.87	   2.84E+1
 542.23	   2.89E+1
 542.59	   2.81E+1
 542.94	   2.81E+1
 543.30	   2.81E+1
 543.66	   2.77E+1
 544.01	   2.76E+1
 544.37	   2.68E+1
 544.73	   2.69E+1
 545.09	   2.64E+1
 545.44	   2.60E+1
 545.80	   2.60E+1
 546.16	   2.57E+1
 546.51	   2.54E+1
 546.87	   2.50E+1
 547.23	   2.43E+1
 547.58	   2.42E+1
 547.94	   2.44E+1
 548.30	   2.39E+1
 548.65	   2.39E+1
 549.01	   2.30E+1
 549.37	   2.34E+1
 549.72	   2.30E+1
 550.08	   2.25E+1
 550.44	   2.23E+1
 550.79	   2.21E+1
 551.15	   2.16E+1
 551.51	   2.16E+1
 551.86	   2.11E+1
 552.22	   2.07E+1
 552.57	   2.07E+1
 552.93	   2.11E+1
 553.29	   2.02E+1
 553.64	   2.00E+1
 554.00	   1.94E+1
 554.36	   1.91E+1
 554.71	   1.95E+1
 555.07	   1.86E+1
 555.42	   1.85E+1
 555.78	   1.84E+1
 556.13	   1.82E+1
 556.49	   1.80E+1
 556.85	   1.75E+1
 557.20	   1.71E+1
 557.56	   1.71E+1
 557.91	   1.69E+1
 558.27	   1.69E+1
 558.62	   1.61E+1
 558.98	   1.59E+1
 559.34	   1.59E+1
 559.69	   1.55E+1
 560.05	   1.58E+1
 560.40	   1.55E+1
 560.76	   1.50E+1
 561.11	   1.50E+1
 561.47	   1.48E+1
 561.82	   1.45E+1
 562.18	   1.41E+1
 562.53	   1.40E+1
 562.89	   1.43E+1
 563.24	   1.37E+1
 563.60	   1.34E+1
 563.95	   1.32E+1
 564.31	   1.28E+1
 564.66	   1.33E+1
 565.02	   1.26E+1
 565.37	   1.27E+1
 565.73	   1.26E+1
 566.08	   1.20E+1
 566.44	   1.19E+1
 566.79	   1.18E+1
 567.15	   1.16E+1
 567.50	   1.17E+1
 567.86	   1.13E+1
 568.21	   1.15E+1
 568.56	   1.12E+1
 568.92	   1.10E+1
 569.27	   1.08E+1
 569.63	   1.09E+1
 569.98	   1.05E+1
 570.34	   1.05E+1
 570.69	   1.03E+1
 571.04	   1.02E+1
 571.40	   1.03E+1
 571.75	   1.01E+1
 572.11	   9.74E+0
 572.46	   9.33E+0
 572.82	   9.59E+0
 573.17	   9.63E+0
 573.52	   9.31E+0
 573.88	   9.40E+0
 574.23	   9.17E+0
 574.58	   9.15E+0
 574.94	   9.01E+0
 575.29	   8.97E+0
 575.65	   8.85E+0
 576.00	   8.95E+0
 576.35	   8.47E+0
 576.71	   8.46E+0
 577.06	   8.45E+0
 577.41	   8.44E+0
 577.77	   8.31E+0
 578.12	   8.19E+0
 578.47	   8.35E+0
 578.83	   8.10E+0
 579.18	   8.12E+0
 579.53	   8.06E+0
 579.89	   7.91E+0
 580.24	   7.82E+0
 580.59	   7.61E+0
 580.95	   7.79E+0
 581.30	   7.44E+0
 581.65	   7.69E+0
 582.01	   7.50E+0
 582.36	   7.82E+0
 582.71	   7.50E+0
 583.06	   7.30E+0
 583.42	   7.27E+0
 583.77	   7.21E+0
 584.12	   7.31E+0
 584.48	   7.21E+0
 584.83	   7.30E+0
 585.18	   7.03E+0
 585.53	   7.33E+0
 585.89	   7.24E+0
 586.24	   7.21E+0
 586.59	   7.00E+0
 586.94	   7.23E+0
 587.30	   6.75E+0
 587.65	   6.70E+0
 588.00	   7.01E+0
 588.35	   6.79E+0
 588.70	   6.64E+0
 589.06	   6.54E+0
 589.41	   6.47E+0
 589.76	   6.79E+0
 590.11	   6.68E+0
 590.46	   6.43E+0
 590.82	   6.59E+0
 591.17	   6.46E+0
 591.52	   6.37E+0
 591.87	   6.32E+0
 592.22	   6.21E+0
 592.58	   6.25E+0
 592.93	   6.26E+0
 593.28	   6.10E+0
 593.63	   6.10E+0
 593.98	   6.30E+0
 594.33	   6.18E+0
 594.69	   6.06E+0
 595.04	   5.86E+0
 595.39	   6.01E+0
 595.74	   5.89E+0
 596.09	   5.88E+0
 596.44	   5.86E+0
 596.79	   5.94E+0
 597.15	   5.37E+0
 597.50	   5.54E+0
 597.85	   5.66E+0
 598.20	   5.36E+0
 598.55	   5.65E+0
 598.90	   5.60E+0
 599.25	   5.42E+0
 599.60	   5.58E+0
 599.95	   5.19E+0
 600.30	   5.24E+0
 600.66	   5.66E+0
 601.01	   5.40E+0
 601.36	   5.36E+0
 601.71	   5.10E+0
 602.06	   5.08E+0
 602.41	   5.25E+0
 602.76	   4.96E+0
 603.11	   4.83E+0
 603.46	   4.97E+0
 603.81	   4.97E+0
 604.16	   4.85E+0
 604.51	   4.56E+0
 604.86	   4.77E+0
 605.21	   4.79E+0
 605.56	   4.81E+0
 605.91	   5.07E+0
 606.26	   5.01E+0
 606.61	   4.60E+0
 606.96	   4.74E+0
 607.31	   4.71E+0
 607.66	   4.64E+0
 608.01	   4.81E+0
 608.36	   4.63E+0
 608.71	   4.38E+0
 609.06	   4.76E+0
 609.41	   4.46E+0
 609.76	   4.33E+0
 610.11	   4.55E+0
 610.46	   4.20E+0
 610.81	   4.49E+0
 611.16	   4.46E+0
 611.51	   4.68E+0
 611.86	   4.31E+0
 612.21	   4.58E+0
 612.56	   4.67E+0
 612.91	   4.35E+0
 613.26	   4.46E+0
 613.61	   4.32E+0
 613.96	   4.40E+0
 614.31	   4.43E+0
 614.66	   4.44E+0
 615.00	   4.42E+0
 615.35	   4.33E+0
 615.70	   4.51E+0
 616.05	   4.37E+0
 616.40	   4.31E+0
 616.75	   4.22E+0
 617.10	   4.10E+0
 617.45	   4.31E+0
 617.80	   4.25E+0
 618.15	   4.10E+0
 618.49	   4.16E+0
 618.84	   4.36E+0
 619.19	   4.36E+0
 619.54	   4.38E+0
 619.89	   4.14E+0
 620.24	   4.34E+0
 620.59	   4.64E+0
 620.93	   4.19E+0
 621.28	   4.20E+0
 621.63	   4.27E+0
 621.98	   4.48E+0
 622.33	   4.17E+0
 622.68	   3.95E+0
 623.02	   4.32E+0
 623.37	   4.12E+0
 623.72	   4.03E+0
 624.07	   4.21E+0
 624.42	   4.10E+0
 624.76	   4.28E+0
 625.11	   4.50E+0
 625.46	   4.30E+0
 625.81	   4.51E+0
 626.16	   4.41E+0
 626.50	   4.40E+0
 626.85	   4.31E+0
 627.20	   4.53E+0
 627.55	   4.26E+0
 627.89	   4.26E+0
 628.24	   4.25E+0
 628.59	   4.52E+0
 628.94	   4.21E+0
 629.28	   4.57E+0
 629.63	   4.35E+0
 629.98	   4.47E+0
 630.33	   4.18E+0
 630.67	   4.58E+0
 631.02	   4.00E+0
 631.37	   4.22E+0
 631.72	   4.28E+0
 632.06	   4.39E+0
 632.41	   4.41E+0
 632.76	   4.35E+0
 633.10	   4.46E+0
 633.45	   4.43E+0
 633.80	   4.30E+0
 634.15	   4.31E+0
 634.49	   4.17E+0
 634.84	   4.34E+0
 635.19	   4.41E+0
 635.53	   4.46E+0
 635.88	   4.27E+0
 636.23	   4.44E+0
 636.57	   4.34E+0
 636.92	   4.40E+0
 637.27	   4.48E+0
 637.61	   4.55E+0
 637.96	   4.14E+0
 638.30	   4.48E+0
 638.65	   4.34E+0
 639.00	   4.39E+0
 639.34	   4.51E+0
 639.69	   4.57E+0
 640.04	   4.69E+0
 640.38	   4.48E+0
 640.73	   4.41E+0
 641.07	   4.59E+0
 641.42	   4.53E+0
 641.77	   4.50E+0
 642.11	   4.79E+0
 642.46	   4.82E+0
 642.80	   4.55E+0
 643.15	   4.48E+0
 643.50	   4.78E+0
 643.84	   4.66E+0
 644.19	   4.49E+0
 644.53	   4.85E+0
 644.88	   4.72E+0
 645.22	   4.86E+0
 645.57	   4.79E+0
 645.91	   4.79E+0
 646.26	   5.29E+0
 646.61	   4.79E+0
 646.95	   4.87E+0
 647.30	   4.84E+0
 647.64	   5.02E+0
 647.99	   4.67E+0
 648.33	   4.96E+0
 648.68	   5.14E+0
 649.02	   5.16E+0
 649.37	   5.04E+0
 649.71	   5.28E+0
 650.06	   5.02E+0
 650.40	   5.26E+0
 650.75	   4.91E+0
 651.09	   5.05E+0
 651.44	   5.28E+0
 651.78	   5.43E+0
 652.13	   5.21E+0
 652.47	   5.17E+0
 652.81	   5.49E+0
 653.16	   5.37E+0
 653.50	   5.71E+0
 653.85	   5.03E+0
 654.19	   5.44E+0
 654.54	   5.45E+0
 654.88	   5.39E+0
 655.23	   5.85E+0
 655.57	   5.65E+0
 655.91	   5.71E+0
 656.26	   5.65E+0
 656.60	   5.76E+0
 656.95	   5.54E+0
 657.29	   5.88E+0
 657.63	   6.09E+0
 657.98	   5.70E+0
 658.32	   5.90E+0
 658.67	   5.62E+0
 659.01	   6.08E+0
 659.35	   6.03E+0
 659.70	   6.09E+0
 660.04	   5.91E+0
 660.39	   6.41E+0
 660.73	   6.31E+0
 661.07	   5.75E+0
 661.42	   6.39E+0
 661.76	   6.19E+0
 662.10	   6.18E+0
 662.45	   6.39E+0
 662.79	   6.24E+0
 663.13	   6.43E+0
 663.48	   6.35E+0
 663.82	   6.57E+0
 664.16	   6.58E+0
 664.51	   6.33E+0
 664.85	   6.65E+0
 665.19	   6.30E+0
 665.54	   6.47E+0
 665.88	   6.84E+0
 666.22	   6.54E+0
 666.56	   6.85E+0
 666.91	   6.41E+0
 667.25	   6.35E+0
 667.59	   6.43E+0
 667.94	   6.69E+0
 668.28	   6.53E+0
 668.62	   6.72E+0
 668.96	   6.82E+0
 669.31	   6.39E+0
 669.65	   6.72E+0
 669.99	   6.50E+0
 670.33	   6.59E+0
 670.68	   6.59E+0
 671.02	   6.71E+0
 671.36	   6.57E+0
 671.70	   6.87E+0
 672.05	   6.46E+0
 672.39	   6.57E+0
 672.73	   6.58E+0
 673.07	   6.73E+0
 673.41	   6.59E+0
 673.76	   6.59E+0
 674.10	   6.77E+0
 674.44	   6.62E+0
 674.78	   6.28E+0
 675.12	   6.32E+0
 675.47	   6.20E+0
 675.81	   6.77E+0
 676.15	   6.19E+0
 676.49	   6.72E+0
 676.83	   6.30E+0
 677.17	   6.49E+0
 677.52	   6.83E+0
 677.86	   6.36E+0
 678.20	   6.34E+0
 678.54	   6.27E+0
 678.88	   6.22E+0
 679.22	   6.09E+0
 679.56	   5.77E+0
 679.90	   6.04E+0
 680.25	   6.35E+0
 680.59	   6.11E+0
 680.93	   6.10E+0
 681.27	   6.27E+0
 681.61	   6.57E+0
 681.95	   6.30E+0
 682.29	   6.15E+0
 682.63	   6.04E+0
 682.97	   6.18E+0
 683.31	   5.69E+0
 683.66	   6.22E+0
 684.00	   6.19E+0
 684.34	   5.87E+0
 684.68	   6.20E+0
 685.02	   5.95E+0
 685.36	   5.66E+0
 685.70	   5.70E+0
 686.04	   5.98E+0
 686.38	   5.91E+0
 686.72	   5.97E+0
 687.06	   5.79E+0
 687.40	   6.42E+0
 687.74	   5.66E+0
 688.08	   5.92E+0
 688.42	   5.99E+0
 688.76	   5.71E+0
 689.10	   5.37E+0
 689.44	   5.81E+0
 689.78	   5.40E+0
 690.12	   5.50E+0
 690.46	   5.44E+0
 690.80	   5.24E+0
 691.14	   5.52E+0
 691.48	   5.57E+0
 691.82	   5.33E+0
 692.16	   5.24E+0
 692.50	   5.74E+0
 692.84	   5.28E+0
 693.18	   5.40E+0
 693.52	   5.29E+0
 693.86	   5.38E+0
 694.20	   5.49E+0
 694.54	   5.18E+0
 694.88	   5.09E+0
 695.22	   4.57E+0
 695.55	   4.98E+0
 695.89	   4.79E+0
 696.23	   5.58E+0
 696.57	   5.06E+0
 696.91	   4.86E+0
 697.25	   4.89E+0
 697.59	   4.95E+0
 697.93	   5.01E+0
 698.27	   4.83E+0
 698.61	   4.74E+0
 698.94	   4.94E+0
 699.28	   4.94E+0
 699.62	   4.53E+0
 699.96	   4.55E+0
 700.30	   4.64E+0
 700.64	   4.50E+0
 700.98	   4.14E+0
 701.31	   3.80E+0
 701.65	   4.37E+0
 701.99	   3.96E+0
 702.33	   4.03E+0
 702.67	   4.34E+0
 703.01	   3.98E+0
 703.34	   4.38E+0
 703.68	   4.02E+0
 704.02	   4.03E+0
 704.36	   4.32E+0
 704.70	   4.10E+0
 705.04	   4.23E+0
 705.37	   3.76E+0
 705.71	   4.36E+0
 706.05	   4.00E+0
 706.39	   4.37E+0
 706.72	   4.21E+0
 707.06	   3.95E+0
 707.40	   3.99E+0
 707.74	   4.47E+0
 708.08	   3.80E+0
 708.41	   3.81E+0
 708.75	   3.80E+0
 709.09	   3.86E+0
 709.43	   3.96E+0
 709.76	   4.09E+0
 710.10	   4.10E+0
 710.44	   3.58E+0
 710.77	   4.13E+0
 711.11	   3.68E+0
 711.45	   3.72E+0
 711.79	   3.90E+0
 712.12	   3.66E+0
 712.46	   3.76E+0
 712.80	   3.67E+0
 713.13	   4.30E+0
 713.47	   4.02E+0
 713.81	   4.11E+0
 714.14	   3.83E+0
 714.48	   3.95E+0
 714.82	   4.00E+0
 715.15	   3.83E+0
 715.49	   3.66E+0
 715.83	   3.75E+0
 716.16	   3.58E+0
 716.50	   4.18E+0
 716.84	   4.02E+0
 717.17	   4.02E+0
 717.51	   4.14E+0
 717.85	   4.33E+0
 718.18	   4.00E+0
 718.52	   4.58E+0
 718.85	   3.82E+0
 719.19	   4.42E+0
 719.53	   4.68E+0
 719.86	   4.39E+0
 720.20	   4.55E+0
 720.54	   4.30E+0
 720.87	   4.31E+0
 721.21	   4.53E+0
 721.54	   4.40E+0
 721.88	   4.54E+0
 722.21	   4.33E+0
 722.55	   4.24E+0
 722.89	   4.57E+0
 723.22	   4.27E+0
 723.56	   4.59E+0
 723.89	   4.46E+0
 724.23	   4.93E+0
 724.56	   4.63E+0
 724.90	   4.09E+0
 725.23	   4.57E+0
 725.57	   4.66E+0
 725.90	   4.80E+0
 726.24	   5.30E+0
 726.57	   4.89E+0
 726.91	   5.06E+0
 727.24	   5.13E+0
 727.58	   5.07E+0
 727.91	   5.36E+0
 728.25	   5.13E+0
 728.58	   5.18E+0
 728.92	   5.76E+0
 729.25	   5.86E+0
 729.59	   5.62E+0
 729.92	   5.54E+0
 730.26	   5.71E+0
 730.59	   5.85E+0
 730.93	   5.78E+0
 731.26	   6.17E+0
 731.60	   5.83E+0
 731.93	   6.25E+0
 732.27	   6.21E+0
 732.60	   5.73E+0
 732.93	   6.12E+0
 733.27	   6.66E+0
 733.60	   6.31E+0
 733.94	   6.41E+0
 734.27	   6.63E+0
 734.60	   7.05E+0
 734.94	   6.40E+0
 735.27	   6.77E+0
 735.61	   6.68E+0
 735.94	   6.87E+0
 736.27	   7.19E+0
 736.61	   7.12E+0
 736.94	   7.18E+0
 737.28	   7.56E+0
 737.61	   7.82E+0
 737.94	   7.95E+0
 738.28	   8.39E+0
 738.61	   7.53E+0
 738.94	   8.04E+0
 739.28	   8.48E+0
 739.61	   8.30E+0
 739.94	   8.96E+0
 740.28	   9.27E+0
 740.61	   8.60E+0
 740.94	   9.60E+0
 741.28	   9.39E+0
 741.61	   9.79E+0
 741.94	   1.01E+1
 742.28	   1.01E+1
 742.61	   1.08E+1
 742.94	   1.10E+1
 743.27	   1.11E+1
 743.61	   1.16E+1
 743.94	   1.28E+1
 744.27	   1.20E+1
 744.61	   1.19E+1
 744.94	   1.29E+1
 745.27	   1.29E+1
 745.60	   1.28E+1
 745.94	   1.34E+1
 746.27	   1.45E+1
 746.60	   1.43E+1
 746.93	   1.50E+1
 747.27	   1.52E+1
 747.60	   1.63E+1
 747.93	   1.69E+1
 748.26	   1.70E+1
 748.59	   1.72E+1
 748.93	   1.79E+1
 749.26	   1.84E+1
 749.59	   1.87E+1
 749.92	   1.94E+1
 750.25	   1.92E+1
 750.59	   2.07E+1
 750.92	   2.08E+1
 751.25	   2.07E+1
 751.58	   2.20E+1
 751.91	   2.24E+1
 752.24	   2.25E+1
 752.58	   2.38E+1
 752.91	   2.39E+1
 753.24	   2.53E+1
 753.57	   2.59E+1
 753.90	   2.66E+1
 754.23	   2.68E+1
 754.56	   2.80E+1
 754.90	   2.75E+1
 755.23	   2.91E+1
 755.56	   2.90E+1
 755.89	   2.95E+1
 756.22	   3.12E+1
 756.55	   3.06E+1
 756.88	   3.18E+1
 757.21	   3.30E+1
 757.54	   3.31E+1
 757.88	   3.37E+1
 758.21	   3.42E+1
 758.54	   3.51E+1
 758.87	   3.60E+1
 759.20	   3.59E+1
 759.53	   3.61E+1
 759.86	   3.69E+1
 760.19	   3.86E+1
 760.52	   3.83E+1
 760.85	   4.00E+1
 761.18	   3.96E+1
 761.51	   4.06E+1
 761.84	   4.15E+1
 762.17	   4.18E+1
 762.50	   4.13E+1
 762.83	   4.32E+1
 763.16	   4.37E+1
 763.49	   4.30E+1
 763.82	   4.39E+1
 764.15	   4.41E+1
 764.48	   4.49E+1
 764.81	   4.57E+1
 765.14	   4.69E+1
 765.47	   4.76E+1
 765.80	   4.69E+1
 766.13	   4.82E+1
 766.46	   4.94E+1
 766.79	   4.83E+1
 767.12	   4.91E+1
 767.45	   4.98E+1
 767.78	   5.04E+1
 768.11	   5.05E+1
 768.44	   5.17E+1
 768.77	   4.99E+1
 769.10	   5.16E+1
 769.43	   5.24E+1
 769.76	   5.26E+1
 770.08	   5.31E+1
 770.41	   5.18E+1
 770.74	   5.18E+1
 771.07	   5.45E+1
 771.40	   5.24E+1
 771.73	   5.42E+1
 772.06	   5.34E+1
 772.39	   5.36E+1
 772.72	   5.42E+1
 773.05	   5.41E+1
 773.37	   5.60E+1
 773.70	   5.46E+1
 774.03	   5.47E+1
 774.36	   5.58E+1
 774.69	   5.56E+1
 775.02	   5.66E+1
 775.34	   5.68E+1
 775.67	   5.87E+1
 776.00	   5.80E+1
 776.33	   5.66E+1
 776.66	   5.79E+1
 776.99	   5.92E+1
 777.31	   5.73E+1
 777.64	   5.90E+1
 777.97	   5.88E+1
 778.30	   5.91E+1
 778.63	   5.78E+1
 778.95	   5.74E+1
 779.28	   6.10E+1
 779.61	   5.81E+1
 779.94	   5.98E+1
 780.27	   5.88E+1
 780.59	   6.01E+1
 780.92	   5.95E+1
 781.25	   6.09E+1
 781.58	   5.88E+1
 781.90	   5.95E+1
 782.23	   5.91E+1
 782.56	   6.08E+1
 782.89	   6.10E+1
 783.21	   6.06E+1
 783.54	   6.04E+1
 783.87	   6.15E+1
 784.19	   5.80E+1
 784.52	   6.09E+1
 784.85	   6.13E+1
 785.18	   6.17E+1
 785.50	   6.12E+1
 785.83	   6.11E+1
 786.16	   6.13E+1
 786.48	   6.00E+1
 786.81	   6.14E+1
 787.14	   6.06E+1
 787.46	   6.21E+1
 787.79	   5.98E+1
 788.12	   6.01E+1
 788.44	   6.13E+1
 788.77	   6.19E+1
 789.10	   6.00E+1
 789.42	   6.18E+1
 789.75	   6.15E+1
 790.07	   6.14E+1
 790.40	   6.26E+1
 790.73	   6.23E+1
 791.05	   6.37E+1
 791.38	   6.07E+1
 791.71	   6.00E+1
 792.03	   6.18E+1
 792.36	   6.41E+1
 792.68	   6.25E+1
 793.01	   6.15E+1
 793.33	   6.28E+1
 793.66	   6.19E+1
 793.99	   6.21E+1
 794.31	   6.33E+1
 794.64	   6.12E+1
 794.96	   6.20E+1
 795.29	   6.28E+1
 795.61	   6.01E+1
 795.94	   6.13E+1
 796.26	   6.08E+1
 796.59	   6.16E+1
 796.92	   6.48E+1
 797.24	   6.18E+1
 797.57	   6.22E+1
 797.89	   6.13E+1
 798.22	   6.29E+1
 798.54	   6.23E+1
 798.87	   6.30E+1
 799.19	   6.20E+1
 799.52	   6.22E+1
 799.84	   6.28E+1
 800.17	   6.25E+1
 800.49	   6.31E+1
 800.82	   6.25E+1
 801.14	   6.19E+1
 801.46	   6.40E+1
 801.79	   6.36E+1
 802.11	   6.35E+1
 802.44	   6.33E+1
 802.76	   6.24E+1
 803.09	   6.13E+1
 803.41	   6.50E+1
 803.74	   6.56E+1
 804.06	   6.43E+1
 804.38	   6.24E+1
 804.71	   6.31E+1
 805.03	   6.47E+1
 805.36	   6.20E+1
 805.68	   6.39E+1
 806.00	   6.32E+1
 806.33	   6.30E+1
 806.65	   6.35E+1
 806.98	   6.32E+1
 807.30	   6.20E+1
 807.62	   6.47E+1
 807.95	   6.24E+1
 808.27	   6.43E+1
 808.59	   6.34E+1
 808.92	   6.46E+1
 809.24	   6.32E+1
 809.56	   6.27E+1
 809.89	   6.27E+1
 810.21	   6.14E+1
 810.53	   6.47E+1
 810.86	   6.38E+1
 811.18	   6.33E+1
 811.50	   6.37E+1
 811.83	   6.36E+1
 812.15	   6.31E+1
 812.47	   6.29E+1
 812.80	   6.40E+1
 813.12	   6.28E+1
 813.44	   6.26E+1
 813.76	   6.46E+1
 814.09	   6.44E+1
 814.41	   6.43E+1
 814.73	   6.39E+1
 815.06	   6.26E+1
 815.38	   6.10E+1
 815.70	   6.39E+1
 816.02	   6.39E+1
 816.35	   6.26E+1
 816.67	   6.49E+1
 816.99	   6.41E+1
 817.31	   6.39E+1
 817.63	   6.36E+1
 817.96	   6.37E+1
 818.28	   6.51E+1
 818.60	   6.29E+1
 818.92	   6.44E+1
 819.25	   6.56E+1
 819.57	   6.35E+1
 819.89	   6.31E+1
 820.21	   6.46E+1
 820.53	   6.41E+1
 820.85	   6.49E+1
 821.18	   6.21E+1
 821.50	   6.34E+1
 821.82	   6.38E+1
 822.14	   6.21E+1
 822.46	   6.48E+1
 822.78	   6.58E+1
 823.11	   6.40E+1
 823.43	   6.40E+1
 823.75	   6.39E+1
 824.07	   6.33E+1
 824.39	   6.46E+1
 824.71	   6.52E+1
 825.03	   6.47E+1
 825.35	   6.51E+1
 825.67	   6.51E+1
 826.00	   6.35E+1
 826.32	   6.63E+1
 826.64	   6.32E+1
 826.96	   6.36E+1
 827.28	   6.59E+1
 827.60	   6.62E+1
 827.92	   6.40E+1
 828.24	   6.40E+1
 828.56	   6.46E+1
 828.88	   6.54E+1
 829.20	   6.66E+1
 829.52	   6.43E+1
 829.84	   6.41E+1
 830.16	   6.51E+1
 830.48	   6.39E+1
 830.80	   6.68E+1
 831.12	   6.32E+1
 831.44	   6.55E+1
 831.76	   6.45E+1
 832.08	   6.53E+1
 832.40	   6.53E+1
 832.72	   6.51E+1
 833.04	   6.27E+1
 833.36	   6.38E+1
 833.68	   6.41E+1
 834.00	   6.50E+1
 834.32	   6.54E+1
 834.64	   6.50E+1
 834.96	   6.42E+1
 835.28	   6.45E+1
 835.60	   6.50E+1
 835.92	   6.37E+1
 836.24	   6.53E+1
 836.56	   6.54E+1
 836.88	   6.61E+1
 837.20	   6.61E+1
 837.52	   6.38E+1
 837.84	   6.58E+1
 838.16	   6.51E+1
 838.48	   6.57E+1
 838.79	   6.55E+1
 839.11	   6.46E+1
 839.43	   6.53E+1
 839.75	   6.59E+1
 840.07	   6.50E+1
 840.39	   6.68E+1
 840.71	   6.54E+1
 841.03	   6.55E+1
 841.34	   6.37E+1
 841.66	   6.47E+1
 841.98	   6.57E+1
 842.30	   6.50E+1
 842.62	   6.56E+1
 842.94	   6.33E+1
 843.26	   6.42E+1
 843.57	   6.49E+1
 843.89	   6.68E+1
 844.21	   6.46E+1
 844.53	   6.76E+1
 844.85	   6.74E+1
 845.16	   6.48E+1
 845.48	   6.34E+1
 845.80	   6.39E+1
 846.12	   6.46E+1
 846.44	   6.58E+1
 846.75	   6.40E+1
 847.07	   6.42E+1
 847.39	   6.56E+1
 847.71	   6.50E+1
 848.02	   6.52E+1
 848.34	   6.54E+1
 848.66	   6.62E+1
 848.98	   6.80E+1
 849.29	   6.50E+1
 849.61	   6.48E+1
 849.93	   6.70E+1
 850.25	   6.33E+1
 850.56	   6.61E+1
 850.88	   6.43E+1
 851.20	   6.57E+1
 851.51	   6.34E+1
 851.83	   6.60E+1
 852.15	   6.63E+1
 852.46	   6.52E+1
 852.78	   6.53E+1
 853.10	   6.72E+1
 853.42	   6.64E+1
 853.73	   6.56E+1
 854.05	   6.68E+1
 854.36	   6.76E+1
 854.68	   6.65E+1
 855.00	   6.49E+1
 855.31	   6.62E+1
 855.63	   6.40E+1
 855.95	   6.40E+1
 856.26	   6.66E+1
 856.58	   6.57E+1
 856.90	   6.78E+1
 857.21	   6.51E+1
 857.53	   6.43E+1
 857.84	   6.62E+1
 858.16	   6.43E+1
 858.48	   6.48E+1
 858.79	   6.37E+1
 859.11	   6.51E+1
 859.42	   6.51E+1
 859.74	   6.45E+1
 860.06	   6.47E+1
 860.37	   6.39E+1
 860.69	   6.48E+1
 861.00	   6.70E+1
 861.32	   6.39E+1
 861.63	   6.56E+1
 861.95	   6.79E+1
 862.26	   6.48E+1
 862.58	   6.52E+1
 862.89	   6.72E+1
 863.21	   6.55E+1
 863.52	   6.44E+1
 863.84	   6.41E+1
 864.15	   6.38E+1
 864.47	   6.43E+1
 864.78	   6.45E+1
 865.10	   6.53E+1
 865.41	   6.30E+1
 865.73	   6.65E+1
 866.04	   6.35E+1
 866.36	   6.58E+1
 866.67	   6.57E+1
 866.99	   6.58E+1
 867.30	   6.70E+1
 867.62	   6.47E+1
 867.93	   6.67E+1
 868.25	   6.56E+1
 868.56	   6.55E+1
 868.87	   6.54E+1
 869.19	   6.59E+1
 869.50	   6.52E+1
 869.82	   6.83E+1
 870.13	   6.62E+1
 870.44	   6.73E+1
 870.76	   6.28E+1
 871.07	   6.52E+1
 871.39	   6.54E+1
 871.70	   6.41E+1
 872.01	   6.50E+1
 872.33	   6.50E+1
 872.64	   6.68E+1
 872.96	   6.53E+1
 873.27	   6.61E+1
 873.58	   6.76E+1
 873.90	   6.67E+1
 874.21	   6.52E+1
 874.52	   6.67E+1
 874.84	   6.36E+1
 875.15	   6.44E+1
 875.46	   6.59E+1
 875.78	   6.75E+1
 876.09	   6.73E+1
 876.40	   6.41E+1
 876.71	   6.65E+1
 877.03	   6.68E+1
 877.34	   6.59E+1
 877.65	   6.41E+1
 877.97	   6.64E+1
 878.28	   6.40E+1
 878.59	   6.66E+1
 878.90	   6.69E+1
 879.22	   6.35E+1
 879.53	   6.40E+1
 879.84	   6.52E+1
 880.15	   6.66E+1
 880.47	   6.43E+1
 880.78	   6.59E+1
 881.09	   6.52E+1
 881.40	   6.53E+1
 881.72	   6.76E+1
 882.03	   6.53E+1
 882.34	   6.55E+1
 882.65	   6.90E+1
 882.96	   6.54E+1
 883.28	   6.68E+1
 883.59	   6.45E+1
 883.90	   6.43E+1
 884.21	   6.74E+1
 884.52	   6.57E+1
 884.84	   6.66E+1
 885.15	   6.47E+1
 885.46	   6.82E+1
 885.77	   6.43E+1
 886.08	   6.61E+1
 886.39	   6.51E+1
 886.70	   6.77E+1
 887.02	   6.46E+1
 887.33	   6.55E+1
 887.64	   6.49E+1
 887.95	   6.62E+1
 888.26	   6.50E+1
 888.57	   6.33E+1
 888.88	   6.73E+1
 889.19	   6.60E+1
 889.51	   6.39E+1
 889.82	   6.39E+1
 890.13	   6.52E+1
 890.44	   6.62E+1
 890.75	   6.42E+1
 891.06	   6.47E+1
 891.37	   6.50E+1
 891.68	   6.69E+1
 891.99	   6.74E+1
 892.30	   6.45E+1
 892.61	   6.50E+1
 892.92	   6.64E+1
 893.23	   6.80E+1
 893.54	   6.71E+1
 893.85	   6.83E+1
 894.16	   6.59E+1
 894.47	   6.73E+1
 894.78	   6.69E+1
 895.09	   6.52E+1
 895.40	   6.53E+1
 895.71	   6.42E+1
 896.02	   6.69E+1
 896.33	   6.26E+1
 896.64	   6.36E+1
 896.95	   6.50E+1
 897.26	   6.77E+1
 897.57	   6.48E+1
 897.88	   6.69E+1
 898.19	   6.86E+1
 898.50	   6.62E+1
 898.81	   6.60E+1
 899.12	   6.46E+1
 899.43	   6.65E+1
 899.74	   6.64E+1
 900.05	   6.46E+1
 900.36	   6.37E+1
 900.67	   6.86E+1
 900.97	   6.59E+1
 901.28	   6.66E+1
 901.59	   6.70E+1
 901.90	   6.32E+1
 902.21	   6.61E+1
 902.52	   6.39E+1
 902.83	   6.47E+1
 903.14	   6.49E+1
 903.44	   6.49E+1
 903.75	   6.83E+1
 904.06	   6.66E+1
 904.37	   6.54E+1
 904.68	   6.58E+1
 904.99	   6.55E+1
 905.30	   6.40E+1
 905.60	   6.62E+1
 905.91	   6.32E+1
 906.22	   6.51E+1
 906.53	   6.88E+1
 906.84	   6.62E+1
 907.14	   6.46E+1
 907.45	   6.51E+1
 907.76	   6.46E+1
 908.07	   6.48E+1
 908.38	   6.80E+1
 908.68	   6.54E+1
 908.99	   6.31E+1
 909.30	   6.50E+1
 909.61	   6.74E+1
 909.91	   6.48E+1
 910.22	   6.47E+1
 910.53	   6.54E+1
 910.84	   6.84E+1
 911.14	   6.87E+1
 911.45	   6.45E+1
 911.76	   6.42E+1
 912.07	   6.77E+1
 912.37	   6.49E+1
 912.68	   6.81E+1
 912.99	   6.63E+1
 913.29	   6.57E+1
 913.60	   6.68E+1
 913.91	   6.72E+1
 914.21	   6.67E+1
 914.52	   6.87E+1
 914.83	   6.59E+1
 915.13	   6.62E+1
 915.44	   6.53E+1
 915.75	   6.57E+1
 916.05	   6.41E+1
 916.36	   6.51E+1
 916.67	   6.52E+1
 916.97	   6.68E+1
 917.28	   6.74E+1
 917.59	   6.67E+1
 917.89	   6.55E+1
 918.20	   6.55E+1
 918.50	   6.76E+1
 918.81	   6.46E+1
 919.12	   6.61E+1
 919.42	   6.48E+1
 919.73	   6.87E+1
 920.03	   6.46E+1
 920.34	   6.46E+1
 920.65	   6.56E+1
 920.95	   6.56E+1
 921.26	   6.73E+1
 921.56	   6.51E+1
 921.87	   6.54E+1
 922.17	   6.65E+1
 922.48	   6.77E+1
 922.78	   6.47E+1
 923.09	   6.34E+1
 923.39	   6.70E+1
 923.70	   6.72E+1
 924.01	   6.67E+1
 924.31	   6.83E+1
 924.62	   6.45E+1
 924.92	   6.54E+1
 925.23	   6.72E+1
 925.53	   6.53E+1
 925.83	   6.66E+1
 926.14	   6.29E+1
 926.44	   6.72E+1
 926.75	   6.58E+1
 927.05	   6.90E+1
 927.36	   6.31E+1
 927.66	   6.70E+1
 927.97	   6.91E+1
 928.27	   6.50E+1
 928.58	   6.62E+1
 928.88	   6.64E+1
 929.18	   6.71E+1
 929.49	   6.36E+1
 929.79	   6.81E+1
 930.10	   6.55E+1
 930.40	   6.37E+1
 930.71	   6.77E+1
 931.01	   6.72E+1
 931.31	   6.78E+1
 931.62	   6.49E+1
 931.92	   6.89E+1
 932.22	   6.79E+1
 932.53	   6.50E+1
 932.83	   6.59E+1
 933.14	   6.34E+1
 933.44	   6.48E+1
 933.74	   6.62E+1
 934.05	   6.78E+1
 934.35	   6.46E+1
 934.65	   6.81E+1
 934.96	   6.87E+1
 935.26	   6.54E+1
 935.56	   6.68E+1
 935.86	   6.57E+1
 936.17	   6.43E+1
 936.47	   6.91E+1
 936.77	   6.62E+1
 937.08	   6.75E+1
 937.38	   6.62E+1
 937.68	   6.62E+1
 937.99	   6.73E+1
 938.29	   7.04E+1
 938.59	   6.72E+1
 938.89	   6.98E+1
 939.20	   6.62E+1
 939.50	   6.29E+1
 939.80	   6.72E+1
 940.10	   6.63E+1
 940.40	   6.42E+1
 940.71	   6.60E+1
 941.01	   6.39E+1
 941.31	   6.69E+1
 941.61	   6.79E+1
 941.92	   6.79E+1
 942.22	   6.46E+1
 942.52	   6.17E+1
 942.82	   6.43E+1
 943.12	   6.91E+1
 943.43	   6.68E+1
 943.73	   6.57E+1
 944.03	   6.62E+1
 944.33	   7.02E+1
 944.63	   6.55E+1
 944.93	   6.75E+1
 945.23	   6.83E+1
 945.54	   6.77E+1
 945.84	   6.58E+1
 946.14	   6.83E+1
 946.44	   6.94E+1
 946.74	   6.53E+1
 947.04	   6.67E+1
 947.34	   6.61E+1
 947.64	   6.70E+1
 947.95	   6.91E+1
 948.25	   7.16E+1
 948.55	   6.87E+1
 948.85	   6.83E+1
 949.15	   7.19E+1
 949.45	   6.70E+1
 949.75	   6.50E+1
 950.05	   6.39E+1
 950.35	   6.86E+1
 950.65	   6.64E+1
 950.95	   6.40E+1
 951.25	   6.41E+1
 951.55	   6.75E+1
 951.85	   6.99E+1
 952.15	   6.92E+1
 952.45	   6.96E+1
 952.75	   7.02E+1
 953.05	   6.26E+1
 953.35	   7.03E+1
 953.65	   6.54E+1
 953.95	   6.97E+1
 954.25	   6.89E+1
 954.55	   6.87E+1
 954.85	   6.89E+1
 955.15	   6.80E+1
 955.45	   6.81E+1
 955.75	   6.89E+1
 956.05	   6.77E+1
 956.35	   6.88E+1
 956.65	   6.03E+1
 956.95	   6.15E+1
 957.25	   7.24E+1
 957.55	   6.65E+1
 957.85	   6.70E+1
 958.15	   6.75E+1
 958.45	   6.59E+1
 958.74	   6.81E+1
 959.04	   6.83E+1
 959.34	   6.61E+1
 959.64	   6.59E+1
 959.94	   6.49E+1
 960.24	   6.75E+1
 960.54	   6.54E+1
 960.84	   6.99E+1
 961.13	   6.89E+1
 961.43	   6.75E+1
 961.73	   7.06E+1
 962.03	   6.58E+1
 962.33	   6.46E+1
 962.63	   6.94E+1
 962.93	   6.73E+1
 963.22	   6.95E+1
 963.52	   6.46E+1
 963.82	   6.95E+1
 964.12	   7.04E+1
 964.42	   6.43E+1
 964.71	   6.35E+1
 965.01	   6.27E+1
 965.31	   7.33E+1
 965.61	   6.23E+1
 965.91	   6.60E+1
 966.20	   6.46E+1
 966.50	   6.73E+1
 966.80	   6.91E+1
 967.10	   6.62E+1
 967.39	   6.77E+1
 967.69	   6.40E+1
 967.99	   6.89E+1
 968.29	   7.24E+1
 968.58	   6.49E+1
 968.88	   6.62E+1
 969.18	   6.28E+1
 969.47	   7.11E+1
 969.77	   6.46E+1
 970.07	   6.38E+1
 970.37	   6.94E+1
 970.66	   7.15E+1
 970.96	   6.34E+1
 971.26	   7.05E+1
 971.55	   6.29E+1
 971.85	   6.92E+1
 972.15	   6.85E+1
 972.44	   6.59E+1
 972.74	   6.80E+1
 973.04	   6.89E+1
 973.33	   6.92E+1
 973.63	   6.60E+1
 973.92	   7.33E+1
 974.22	   6.76E+1
 974.52	   6.18E+1
 974.81	   6.31E+1
 975.11	   6.25E+1
 975.40	   6.70E+1
 975.70	   6.51E+1
 976.00	   7.67E+1
 976.29	   6.76E+1
 976.59	   6.73E+1
 976.88	   6.49E+1
 977.18	   6.51E+1
 977.48	   6.54E+1
 977.77	   6.51E+1
 978.07	   6.60E+1
 978.36	   6.57E+1
 978.66	   5.83E+1
 978.95	   7.27E+1
 979.25	   6.85E+1
 979.54	   6.50E+1
 979.84	   7.37E+1
 980.13	   6.46E+1
 980.43	   7.20E+1
 980.72	   6.50E+1
 981.02	   6.99E+1
 981.31	   7.19E+1
 981.61	   6.48E+1
 981.90	   6.78E+1
 982.20	   6.60E+1
 982.49	   5.78E+1
 982.79	   6.02E+1
 983.08	   6.51E+1
 983.38	   6.59E+1
 983.67	   6.67E+1
 983.97	   6.58E+1
 984.26	   6.54E+1
 984.55	   7.14E+1
 984.85	   6.82E+1
 985.14	   6.71E+1
 985.44	   7.33E+1
 985.73	   6.12E+1
 986.02	   7.26E+1
 986.32	   6.71E+1
 986.61	   5.95E+1
 986.91	   6.76E+1
 987.20	   6.95E+1
 987.49	   7.27E+1
 987.79	   7.87E+1
 988.08	   6.42E+1
 988.37	   5.87E+1
 988.67	   7.31E+1
 988.96	   6.47E+1
 989.26	   6.00E+1
 989.55	   6.96E+1
 989.84	   6.10E+1
 990.14	   5.97E+1
 990.43	   7.43E+1
 990.72	   6.92E+1
 991.01	   7.46E+1
 991.31	   6.53E+1
 991.60	   7.88E+1
 991.89	   6.71E+1
 992.19	   6.80E+1
 992.48	   6.56E+1
 992.77	   6.61E+1
 993.07	   7.05E+1
 993.36	   7.00E+1
 993.65	   6.61E+1
 993.94	   6.67E+1
 994.24	   6.23E+1
 994.53	   6.61E+1
 994.82	   7.97E+1
 995.11	   5.54E+1
 995.40	   7.14E+1
 995.70	   8.16E+1
 995.99	   9.06E+1
 996.28	   8.39E+1
 996.57	   6.46E+1
 996.87	   8.00E+1
 997.16	   7.00E+1
 997.45	   6.30E+1
 997.74	   8.04E+1
 998.03	   7.50E+1
 998.32	   8.20E+1
 998.62	   7.14E+1
 998.91	   7.33E+1
 999.20	   8.37E+1
 999.49	   7.04E+1
 999.78	   6.44E+1
1000.07	   6.46E+1
1000.37	   7.45E+1
1000.66	   5.74E+1
1000.95	   6.89E+1
1001.24	   6.98E+1
1001.53	   7.87E+1
1001.82	   7.73E+1
1002.11	   6.00E+1
1002.40	   7.50E+1
1002.69	   6.81E+1
1002.98	   5.85E+1
1003.28	   8.00E+1
1003.57	   6.82E+1
1003.86	   7.78E+1
1004.15	   6.80E+1
1004.44	   8.16E+1
1004.73	   5.81E+1
1005.02	   6.35E+1
1005.31	   6.90E+1
1005.60	   5.60E+1
1005.89	   8.14E+1
1006.18	   8.05E+1
1006.47	   7.84E+1
1006.76	   6.14E+1
1007.05	   7.03E+1
1007.34	   6.36E+1
1007.63	   6.36E+1
1007.92	   5.00E+1
1008.21	   6.94E+1
1008.50	   6.67E+1
1008.79	   6.90E+1
1009.08	   7.80E+1
1009.37	   8.42E+1
1009.66	   6.59E+1
1009.95	   6.25E+1
1010.24	   9.14E+1
1010.53	   9.14E+1
1010.82	   6.94E+1
1011.11	   6.88E+1
1011.39	   6.90E+1
1011.68	   5.88E+1
1011.97	   6.67E+1
1012.26	   5.95E+1
1012.55	   5.33E+1
1012.84	   5.48E+1
1013.13	   6.11E+1
1013.42	   7.74E+1
1013.71	   6.15E+1
1014.00	   6.67E+1
1014.28	   8.16E+1
1014.57	   6.49E+1
1014.86	   7.11E+1
1015.15	   6.86E+1
1015.44	   7.50E+1
1015.73	   5.79E+1
1016.01	   7.37E+1
1016.30	   6.25E+1
1016.59	   7.00E+1
1016.88	   8.08E+1
1017.17	   6.22E+1
1017.46	   7.84E+1
1017.74	   6.88E+1
1018.03	   6.79E+1
1018.32	   6.09E+1
1018.61	   5.56E+1
1018.89	   7.31E+1
1019.18	   7.31E+1
1019.47	   6.36E+1
1019.76	   5.22E+1
1020.05	   8.24E+1
1020.33	   6.67E+1
1020.62	   4.48E+1
1020.91	   4.24E+1
1021.19	   6.33E+1
1021.48	   5.48E+1
1021.77	   7.50E+1
1022.06	   1.05E+2
1022.34	   5.17E+1
1022.63	   6.80E+1
1022.92	   7.00E+1
1023.20	   7.14E+1
1023.49	   8.52E+1
1023.78	   7.27E+1
1024.06	   5.00E+1
1024.35	   5.60E+1
1024.64	   8.57E+1
1024.92	   4.21E+1
1025.21	   6.15E+1
1025.50	   6.92E+1
1025.78	   7.27E+1
1026.07	   6.00E+1
1026.36	   5.88E+1
1026.64	   6.47E+1
1026.93	   6.19E+1
1027.22	   1.08E+2
