 250.00  0.5777
 252.00  0.5756
 254.00  0.5722
 256.00  0.5691
 258.00  0.5679
 260.00  0.5647
 262.00  0.5615
 264.00  0.5590
 266.00  0.5570
 268.00  0.5539
 270.00  0.5522
 272.00  0.5524
 274.00  0.5488
 276.00  0.5477
 278.00  0.5453
 280.00  0.5455
 282.00  0.5452
 284.00  0.5467
 286.00  0.5466
 288.00  0.5468
 290.00  0.5451
 292.00  0.5459
 294.00  0.5461
 296.00  0.5448
 298.00  0.5461
 300.00  0.5458
 302.00  0.5445
 304.00  0.5448
 306.00  0.5452
 308.00  0.5446
 310.00  0.5425
 312.00  0.5428
 314.00  0.5426
 316.00  0.5433
 318.00  0.5405
 320.00  0.5391
 322.00  0.5391
 324.00  0.5381
 326.00  0.5376
 328.00  0.5377
 330.00  0.5370
 332.00  0.5383
 334.00  0.5361
 336.00  0.5356
 338.00  0.5344
 340.00  0.5356
 342.00  0.5370
 344.00  0.5336
 346.00  0.5362
 348.00  0.5348
 350.00  0.5355
 352.00  0.5338
 354.00  0.5347
 356.00  0.5322
 358.00  0.5340
 360.00  0.5325
 362.00  0.5320
 364.00  0.5320
 366.00  0.5320
 368.00  0.5312
 370.00  0.5315
 372.00  0.5280
 374.00  0.5294
 376.00  0.5283
 378.00  0.5315
 380.00  0.5286
 382.00  0.5273
 384.00  0.5281
 386.00  0.5288
 388.00  0.5282
 390.00  0.5270
 392.00  0.5276
 394.00  0.5266
 396.00  0.5272
 398.00  0.5261
 400.00  0.5253
 402.00  0.5269
 404.00  0.5256
 406.00  0.5256
 408.00  0.5241
 410.00  0.5246
 412.00  0.5244
 414.00  0.5232
 416.00  0.5240
 418.00  0.5238
 420.00  0.5231
 422.00  0.5227
 424.00  0.5227
 426.00  0.5221
 428.00  0.5219
 430.00  0.5217
 432.00  0.5204
 434.00  0.5206
 436.00  0.5204
 438.00  0.5195
 440.00  0.5199
 442.00  0.5194
 444.00  0.5189
 446.00  0.5191
 448.00  0.5193
 450.00  0.5190
 452.00  0.5176
 454.00  0.5173
 456.00  0.5177
 458.00  0.5176
 460.00  0.5174
 462.00  0.5170
 464.00  0.5167
 466.00  0.5164
 468.00  0.5163
 470.00  0.5159
 472.00  0.5158
 474.00  0.5150
 476.00  0.5155
 478.00  0.5148
 480.00  0.5155
 482.00  0.5146
 484.00  0.5139
 486.00  0.5138
 488.00  0.5141
 490.00  0.5136
 492.00  0.5130
 494.00  0.5126
 496.00  0.5125
 498.00  0.5119
 500.00  0.5115
 502.00  0.5115
 504.00  0.5110
 506.00  0.5105
 508.00  0.5100
 510.00  0.5100
 512.00  0.5099
 514.00  0.5097
 516.00  0.5096
 518.00  0.5090
 520.00  0.5090
 522.00  0.5086
 524.00  0.5086
 526.00  0.5079
 528.00  0.5081
 530.00  0.5076
 532.00  0.5076
 534.00  0.5072
 536.00  0.5070
 538.00  0.5060
 540.00  0.5066
 542.00  0.5064
 544.00  0.5059
 546.00  0.5058
 548.00  0.5051
 550.00  0.5053
 552.00  0.5050
 554.00  0.5053
 556.00  0.5039
 558.00  0.5038
 560.00  0.5033
 562.00  0.5037
 564.00  0.5032
 566.00  0.5030
 568.00  0.5032
 570.00  0.5029
 572.00  0.5027
 574.00  0.5020
 576.00  0.5017
 578.00  0.5017
 580.00  0.5007
 582.00  0.5008
 584.00  0.5010
 586.00  0.5003
 588.00  0.5003
 590.00  0.5003
 592.00  0.5002
 594.00  0.4992
 596.00  0.4991
 598.00  0.4997
 600.00  0.4992
 602.00  0.4992
 604.00  0.4987
 606.00  0.4983
 608.00  0.4980
 610.00  0.4970
 612.00  0.4970
 614.00  0.4975
 616.00  0.4970
 618.00  0.4968
 620.00  0.4962
 622.00  0.4960
 624.00  0.4957
 626.00  0.4954
 628.00  0.4955
 630.00  0.4959
 632.00  0.4956
 634.00  0.4950
 636.00  0.4949
 638.00  0.4950
 640.00  0.4945
 642.00  0.4946
 644.00  0.4936
 646.00  0.4933
 648.00  0.4926
 650.00  0.4921
 652.00  0.4928
 654.00  0.4922
 656.00  0.4924
 658.00  0.4918
 660.00  0.4917
 662.00  0.4911
 664.00  0.4918
 666.00  0.4915
 668.00  0.4907
 670.00  0.4906
 672.00  0.4900
 674.00  0.4900
 676.00  0.4901
 678.00  0.4905
 680.00  0.4901
 682.00  0.4889
 684.00  0.4888
 686.00  0.4886
 688.00  0.4887
 690.00  0.4886
 692.00  0.4886
 694.00  0.4876
 696.00  0.4874
 698.00  0.4874
 700.00  0.4874
 702.00  0.4867
 704.00  0.4866
 706.00  0.4869
 708.00  0.4859
 710.00  0.4863
 712.00  0.4861
 714.00  0.4861
 716.00  0.4852
 718.00  0.4850
 720.00  0.4845
 722.00  0.4853
 724.00  0.4851
 726.00  0.4836
 728.00  0.4842
 730.00  0.4841
 732.00  0.4838
 734.00  0.4840
 736.00  0.4838
 738.00  0.4828
 740.00  0.4828
 742.00  0.4833
 744.00  0.4827
 746.00  0.4820
 748.00  0.4829
 750.00  0.4817
 752.00  0.4822
 754.00  0.4811
 756.00  0.4818
 758.00  0.4812
 760.00  0.4807
 762.00  0.4808
 764.00  0.4805
 766.00  0.4802
 768.00  0.4805
 770.00  0.4800
 772.00  0.4795
 774.00  0.4791
 776.00  0.4786
 778.00  0.4803
 780.00  0.4800
 782.00  0.4800
 784.00  0.4787
 786.00  0.4785
 788.00  0.4788
 790.00  0.4777
 792.00  0.4788
 794.00  0.4780
 796.00  0.4781
 798.00  0.4770
 800.00  0.4775
 802.00  0.4764
 804.00  0.4773
 806.00  0.4770
 808.00  0.4766
 810.00  0.4763
 812.00  0.4762
 814.00  0.4765
 816.00  0.4772
 818.00  0.4758
 820.00  0.4735
 822.00  0.4755
 824.00  0.4746
 826.00  0.4749
 828.00  0.4743
 830.00  0.4737
 832.00  0.4746
 834.00  0.4745
 836.00  0.4733
 838.00  0.4730
 840.00  0.4736
 842.00  0.4732
 844.00  0.4713
 846.00  0.4725
 848.00  0.4713
 850.00  0.4726
 852.00  0.4716
 854.00  0.4733
 856.00  0.4717
 858.00  0.4712
 860.00  0.4713
 862.00  0.4681
 864.00  0.4698
 866.00  0.4726
 868.00  0.4715
 870.00  0.4731
 872.00  0.4758
 874.00  0.4728
 876.00  0.4727
 878.00  0.4720
 880.00  0.4722
 882.00  0.4748
 884.00  0.4725
 886.00  0.4730
 888.00  0.4732
 890.00  0.4740
 892.00  0.4715
 894.00  0.4729
 896.00  0.4720
 898.00  0.4719
 900.00  0.4704
 902.00  0.4710
 904.00  0.4706
 906.00  0.4708
 908.00  0.4699
 910.00  0.4701
 912.00  0.4691
 914.00  0.4676
 916.00  0.4680
 918.00  0.4664
 920.00  0.4668
 922.00  0.4654
 924.00  0.4661
 926.00  0.4651
 928.00  0.4663
 930.00  0.4657
 932.00  0.4650
 934.00  0.4652
 936.00  0.4653
 938.00  0.4654
 940.00  0.4648
 942.00  0.4643
 944.00  0.4649
 946.00  0.4642
 948.00  0.4654
 950.00  0.4641
 952.00  0.4634
 954.00  0.4634
 956.00  0.4636
 958.00  0.4629
 960.00  0.4635
 962.00  0.4625
 964.00  0.4628
 966.00  0.4624
 968.00  0.4622
 970.00  0.4626
 972.00  0.4620
 974.00  0.4613
 976.00  0.4626
 978.00  0.4630
 980.00  0.4613
 982.00  0.4623
 984.00  0.4609
 986.00  0.4608
 988.00  0.4614
 990.00  0.4613
 992.00  0.4614
 994.00  0.4601
 996.00  0.4602
 998.00  0.4606
1000.00  0.4607
1002.00  0.4594
1004.00  0.4597
1006.00  0.4598
1008.00  0.4592
1010.00  0.4593
1012.00  0.4590
1014.00  0.4591
1016.00  0.4581
1018.00  0.4585
1020.00  0.4580
1022.00  0.4581
1024.00  0.4575
1026.00  0.4578
1028.00  0.4570
1030.00  0.4572
1032.00  0.4575
1034.00  0.4565
1036.00  0.4561
1038.00  0.4562
1040.00  0.4567
1042.00  0.4564
1044.00  0.4570
1046.00  0.4556
1048.00  0.4552
1050.00  0.4564
1052.00  0.4558
1054.00  0.4551
1056.00  0.4550
1058.00  0.4546
1060.00  0.4549
1062.00  0.4548
1064.00  0.4546
1066.00  0.4543
1068.00  0.4546
1070.00  0.4545
1072.00  0.4536
1074.00  0.4534
1076.00  0.4547
1078.00  0.4534
1080.00  0.4533
1082.00  0.4529
1084.00  0.4533
1086.00  0.4533
1088.00  0.4534
1090.00  0.4525
1092.00  0.4524
1094.00  0.4523
1096.00  0.4528
1098.00  0.4514
1100.00  0.4528
1102.00  0.4521
1104.00  0.4520
1106.00  0.4504
1108.00  0.4511
1110.00  0.4511
1112.00  0.4509
1114.00  0.4500
1116.00  0.4496
1118.00  0.4502
1120.00  0.4503
1122.00  0.4502
1124.00  0.4508
1126.00  0.4494
1128.00  0.4498
1130.00  0.4499
1132.00  0.4491
1134.00  0.4497
1136.00  0.4495
1138.00  0.4484
1140.00  0.4489
1142.00  0.4490
1144.00  0.4479
1146.00  0.4480
1148.00  0.4481
1150.00  0.4476
1152.00  0.4470
1154.00  0.4480
1156.00  0.4472
1158.00  0.4470
1160.00  0.4469
1162.00  0.4470
1164.00  0.4465
1166.00  0.4474
1168.00  0.4458
1170.00  0.4465
1172.00  0.4461
1174.00  0.4456
1176.00  0.4458
1178.00  0.4457
1180.00  0.4464
1182.00  0.4444
1184.00  0.4449
1186.00  0.4445
1188.00  0.4448
1190.00  0.4440
1192.00  0.4454
1194.00  0.4442
1196.00  0.4443
1198.00  0.4447
1200.00  0.4436
1202.00  0.4445
1204.00  0.4439
1206.00  0.4445
1208.00  0.4436
1210.00  0.4437
1212.00  0.4429
1214.00  0.4427
1216.00  0.4426
1218.00  0.4435
1220.00  0.4424
1222.00  0.4431
1224.00  0.4422
1226.00  0.4424
1228.00  0.4418
1230.00  0.4424
1232.00  0.4423
1234.00  0.4414
1236.00  0.4423
1238.00  0.4422
1240.00  0.4408
1242.00  0.4424
1244.00  0.4410
1246.00  0.4409
1248.00  0.4407
1250.00  0.4401
1252.00  0.4406
1254.00  0.4409
1256.00  0.4400
1258.00  0.4394
1260.00  0.4393
1262.00  0.4394
1264.00  0.4404
1266.00  0.4392
1268.00  0.4389
1270.00  0.4391
1272.00  0.4381
1274.00  0.4382
1276.00  0.4377
1278.00  0.4377
1280.00  0.4373
1282.00  0.4376
1284.00  0.4375
1286.00  0.4370
1288.00  0.4365
1290.00  0.4363
1292.00  0.4362
1294.00  0.4365
1296.00  0.4360
1298.00  0.4361
1300.00  0.4356
1302.00  0.4360
1304.00  0.4351
1306.00  0.4353
1308.00  0.4351
1310.00  0.4350
1312.00  0.4354
1314.00  0.4353
1316.00  0.4343
1318.00  0.4347
1320.00  0.4342
1322.00  0.4343
1324.00  0.4346
1326.00  0.4344
1328.00  0.4340
1330.00  0.4332
1332.00  0.4331
1334.00  0.4338
1336.00  0.4336
1338.00  0.4335
1340.00  0.4328
1342.00  0.4329
1344.00  0.4336
1346.00  0.4328
1348.00  0.4324
1350.00  0.4325
1352.00  0.4320
1354.00  0.4319
1356.00  0.4313
1358.00  0.4317
1360.00  0.4309
1362.00  0.4314
1364.00  0.4318
1366.00  0.4331
1368.00  0.4323
1370.00  0.4318
1372.00  0.4317
1374.00  0.4314
1376.00  0.4302
1378.00  0.4303
1380.00  0.4300
1382.00  0.4316
1384.00  0.4309
1386.00  0.4304
1388.00  0.4303
1390.00  0.4295
1392.00  0.4291
1394.00  0.4293
1396.00  0.4290
1398.00  0.4299
1400.00  0.4292
1402.00  0.4290
1404.00  0.4294
1406.00  0.4293
1408.00  0.4293
1410.00  0.4289
1412.00  0.4284
1414.00  0.4293
1416.00  0.4288
1418.00  0.4287
1420.00  0.4274
1422.00  0.4287
1424.00  0.4274
1426.00  0.4276
1428.00  0.4276
1430.00  0.4272
1432.00  0.4277
1434.00  0.4280
1436.00  0.4265
1438.00  0.4268
1440.00  0.4275
1442.00  0.4270
1444.00  0.4267
1446.00  0.4270
1448.00  0.4263
1450.00  0.4261
1452.00  0.4261
1454.00  0.4268
1456.00  0.4259
1458.00  0.4264
1460.00  0.4261
1462.00  0.4263
1464.00  0.4249
1466.00  0.4265
1468.00  0.4251
1470.00  0.4251
1472.00  0.4254
1474.00  0.4240
1476.00  0.4253
1478.00  0.4246
1480.00  0.4251
1482.00  0.4258
1484.00  0.4244
1486.00  0.4243
1488.00  0.4235
1490.00  0.4246
1492.00  0.4237
1494.00  0.4242
1496.00  0.4235
1498.00  0.4231
1500.00  0.4225
1502.00  0.4244
1504.00  0.4232
1506.00  0.4230
1508.00  0.4235
1510.00  0.4228
1512.00  0.4224
1514.00  0.4221
1516.00  0.4224
1518.00  0.4216
1520.00  0.4226
1522.00  0.4217
1524.00  0.4221
1526.00  0.4213
1528.00  0.4220
1530.00  0.4210
1532.00  0.4210
1534.00  0.4214
1536.00  0.4215
1538.00  0.4210
1540.00  0.4208
1542.00  0.4209
1544.00  0.4203
1546.00  0.4206
1548.00  0.4205
1550.00  0.4201
1552.00  0.4195
1554.00  0.4200
1556.00  0.4207
1558.00  0.4199
1560.00  0.4204
1562.00  0.4196
1564.00  0.4199
1566.00  0.4191
1568.00  0.4193
1570.00  0.4193
1572.00  0.4187
1574.00  0.4201
1576.00  0.4179
1578.00  0.4187
1580.00  0.4187
1582.00  0.4187
1584.00  0.4181
1586.00  0.4175
1588.00  0.4183
1590.00  0.4182
1592.00  0.4180
1594.00  0.4170
1596.00  0.4183
1598.00  0.4173
1600.00  0.4177
1602.00  0.4167
1604.00  0.4176
1606.00  0.4170
1608.00  0.4167
1610.00  0.4168
1612.00  0.4174
1614.00  0.4163
1616.00  0.4165
1618.00  0.4172
1620.00  0.4156
1622.00  0.4156
1624.00  0.4156
1626.00  0.4160
1628.00  0.4152
1630.00  0.4154
1632.00  0.4167
1634.00  0.4155
1636.00  0.4149
1638.00  0.4154
1640.00  0.4161
1642.00  0.4147
1644.00  0.4151
1646.00  0.4150
1648.00  0.4147
1650.00  0.4143
1652.00  0.4142
1654.00  0.4139
1656.00  0.4144
1658.00  0.4134
1660.00  0.4142
1662.00  0.4133
1664.00  0.4130
1666.00  0.4133
1668.00  0.4134
1670.00  0.4133
1672.00  0.4141
1674.00  0.4123
1676.00  0.4128
1678.00  0.4118
1680.00  0.4120
1682.00  0.4130
1684.00  0.4123
1686.00  0.4114
1688.00  0.4119
1690.00  0.4118
1692.00  0.4118
1694.00  0.4123
1696.00  0.4110
1698.00  0.4120
1700.00  0.4123
1702.00  0.4120
1704.00  0.4117
1706.00  0.4112
1708.00  0.4112
1710.00  0.4103
1712.00  0.4103
1714.00  0.4108
1716.00  0.4111
1718.00  0.4102
1720.00  0.4104
1722.00  0.4101
1724.00  0.4097
1726.00  0.4099
1728.00  0.4099
1730.00  0.4093
1732.00  0.4090
1734.00  0.4101
1736.00  0.4094
1738.00  0.4090
1740.00  0.4090
1742.00  0.4083
1744.00  0.4079
1746.00  0.4080
1748.00  0.4081
1750.00  0.4071
1752.00  0.4075
1754.00  0.4079
1756.00  0.4066
1758.00  0.4065
1760.00  0.4061
1762.00  0.4067
1764.00  0.4072
1766.00  0.4066
1768.00  0.4071
1770.00  0.4071
1772.00  0.4070
1774.00  0.4079
1776.00  0.4087
1778.00  0.4075
1780.00  0.4072
1782.00  0.4069
1784.00  0.4081
1786.00  0.4086
1788.00  0.4078
1790.00  0.4069
1792.00  0.4061
1794.00  0.4061
1796.00  0.4050
1798.00  0.4055
1800.00  0.4043
1802.00  0.4045
1804.00  0.4032
1806.00  0.4032
1808.00  0.4026
1810.00  0.4023
1812.00  0.4025
1814.00  0.4027
1816.00  0.4017
1818.00  0.4015
1820.00  0.4016
1822.00  0.4017
1824.00  0.4022
1826.00  0.4012
1828.00  0.4020
1830.00  0.4018
1832.00  0.4006
1834.00  0.4028
1836.00  0.4005
1838.00  0.4019
1840.00  0.4009
1842.00  0.4015
1844.00  0.3997
1846.00  0.4003
1848.00  0.4010
1850.00  0.4027
1852.00  0.4018
1854.00  0.4003
1856.00  0.3989
1858.00  0.4015
1860.00  0.4003
1862.00  0.4006
1864.00  0.3994
1866.00  0.3995
1868.00  0.3994
1870.00  0.4000
1872.00  0.3982
1874.00  0.4019
1876.00  0.4002
1878.00  0.4010
1880.00  0.3997
1882.00  0.4005
1884.00  0.3989
1886.00  0.3997
1888.00  0.3989
1890.00  0.3990
1892.00  0.4002
1894.00  0.3971
1896.00  0.3977
1898.00  0.3975
1900.00  0.3985
1902.00  0.3979
1904.00  0.3945
1906.00  0.3991
1908.00  0.3986
1910.00  0.3996
1912.00  0.3995
1914.00  0.3989
1916.00  0.3983
1918.00  0.4014
1920.00  0.4010
1922.00  0.4018
1924.00  0.4003
1926.00  0.4001
1928.00  0.4006
1930.00  0.4012
1932.00  0.4018
1934.00  0.4018
1936.00  0.4043
1938.00  0.3989
1940.00  0.4041
1942.00  0.4034
1944.00  0.4013
1946.00  0.4014
1948.00  0.4022
1950.00  0.4011
1952.00  0.4009
1954.00  0.4005
1956.00  0.4006
1958.00  0.3986
1960.00  0.3991
1962.00  0.3987
1964.00  0.3989
1966.00  0.3990
1968.00  0.3985
1970.00  0.3980
1972.00  0.3995
1974.00  0.3979
1976.00  0.3974
1978.00  0.3971
1980.00  0.3972
1982.00  0.3975
1984.00  0.3975
1986.00  0.3968
1988.00  0.3960
1990.00  0.3974
1992.00  0.3964
1994.00  0.3950
1996.00  0.3971
1998.00  0.3953
2000.00  0.3951
2002.00  0.3947
2004.00  0.3938
2006.00  0.3954
2008.00  0.3945
2010.00  0.3944
2012.00  0.3954
2014.00  0.3941
2016.00  0.3940
2018.00  0.3942
2020.00  0.3939
2022.00  0.3945
2024.00  0.3940
2026.00  0.3914
2028.00  0.3950
2030.00  0.3926
2032.00  0.3916
2034.00  0.3923
2036.00  0.3920
2038.00  0.3906
2040.00  0.3943
2042.00  0.3945
2044.00  0.3911
2046.00  0.3948
2048.00  0.3933
2050.00  0.3957
2052.00  0.3910
2054.00  0.3933
2056.00  0.3914
2058.00  0.3933
2060.00  0.3918
2062.00  0.3916
2064.00  0.3905
2066.00  0.3938
2068.00  0.3918
2070.00  0.3918
2072.00  0.3904
2074.00  0.3923
2076.00  0.3902
2078.00  0.3926
2080.00  0.3920
2082.00  0.3920
2084.00  0.3914
2086.00  0.3938
2088.00  0.3910
2090.00  0.3899
2092.00  0.3892
2094.00  0.3926
2096.00  0.3912
2098.00  0.3901
2100.00  0.3905
2102.00  0.3914
2104.00  0.3920
2106.00  0.3908
2108.00  0.3926
2110.00  0.3892
2112.00  0.3926
2114.00  0.3910
2116.00  0.3921
2118.00  0.3905
2120.00  0.3930
2122.00  0.3916
2124.00  0.3889
2126.00  0.3915
2128.00  0.3929
2130.00  0.3884
2132.00  0.3886
2134.00  0.3974
2136.00  0.3932
2138.00  0.3942
2140.00  0.3897
2142.00  0.3877
2144.00  0.3944
2146.00  0.3894
2148.00  0.3927
2150.00  0.3887
2152.00  0.3888
2154.00  0.3944
2156.00  0.3888
2158.00  0.3917
2160.00  0.3900
2162.00  0.3901
2164.00  0.3920
2166.00  0.3909
2168.00  0.3939
2170.00  0.3913
2172.00  0.3877
2174.00  0.3903
2176.00  0.3919
2178.00  0.3870
2180.00  0.3895
2182.00  0.3913
2184.00  0.3892
2186.00  0.3900
2188.00  0.3895
2190.00  0.3846
2192.00  0.3868
2194.00  0.3879
2196.00  0.3884
2198.00  0.3904
2200.00  0.3919
2202.00  0.3877
2204.00  0.3870
2206.00  0.3885
2208.00  0.3888
2210.00  0.3816
2212.00  0.3837
2214.00  0.3857
2216.00  0.3837
2218.00  0.3861
2220.00  0.3868
2222.00  0.3899
2224.00  0.3853
2226.00  0.3845
2228.00  0.3878
2230.00  0.3830
2232.00  0.3808
2234.00  0.3864
2236.00  0.3823
2238.00  0.3794
2240.00  0.3813
2242.00  0.3856
2244.00  0.3859
2246.00  0.3847
2248.00  0.3832
2250.00  0.3839
2252.00  0.3868
2254.00  0.3877
2256.00  0.3908
2258.00  0.3867
2260.00  0.3832
2262.00  0.3856
2264.00  0.3856
2266.00  0.3877
2268.00  0.3876
2270.00  0.3849
2272.00  0.3857
2274.00  0.3857
2276.00  0.3833
2278.00  0.3851
2280.00  0.3832
2282.00  0.3812
2284.00  0.3862
2286.00  0.3797
2288.00  0.3844
2290.00  0.3882
2292.00  0.3744
2294.00  0.3797
2296.00  0.3853
2298.00  0.3789
2300.00  0.3857
2302.00  0.3839
2304.00  0.3749
2306.00  0.3808
2308.00  0.3799
2310.00  0.3832
2312.00  0.3840
2314.00  0.3835
2316.00  0.3849
2318.00  0.3768
2320.00  0.3807
2322.00  0.3684
2324.00  0.3831
2326.00  0.3764
2328.00  0.3828
2330.00  0.3833
2332.00  0.3724
2334.00  0.3828
2336.00  0.3830
2338.00  0.3783
2340.00  0.3795
2342.00  0.3733
2344.00  0.3778
2346.00  0.3923
2348.00  0.3869
2350.00  0.3870
2352.00  0.3843
2354.00  0.3738
2356.00  0.3779
2358.00  0.3803
2360.00  0.3812
2362.00  0.3744
2364.00  0.3803
2366.00  0.3789
2368.00  0.3854
2370.00  0.3805
2372.00  0.3827
2374.00  0.3808
2376.00  0.3701
2378.00  0.3873
2380.00  0.3745
2382.00  0.3801
2384.00  0.3850
2386.00  0.3882
2388.00  0.3961
2390.00  0.3779
2392.00  0.3714
2394.00  0.3841
2396.00  0.3747
2398.00  0.3732
2400.00  0.3727
2402.00  0.3880
2404.00  0.3848
2406.00  0.3850
2408.00  0.3857
2410.00  0.3784
2412.00  0.3855
2414.00  0.3731
2416.00  0.3708
2418.00  0.3776
2420.00  0.3740
2422.00  0.3821
2424.00  0.3802
2426.00  0.3674
2428.00  0.3849
2430.00  0.3733
2432.00  0.3780
2434.00  0.3892
2436.00  0.3691
2438.00  0.3884
2440.00  0.3780
2442.00  0.3579
2444.00  0.3892
2446.00  0.3854
2448.00  0.3782
2450.00  0.3736
2452.00  0.3749
2454.00  0.3674
2456.00  0.3705
2458.00  0.3748
2460.00  0.3789
2462.00  0.3851
2464.00  0.3686
2466.00  0.3630
2468.00  0.3613
2470.00  0.3915
2472.00  0.3708
2474.00  0.3873
2476.00  0.3906
2478.00  0.3691
2480.00  0.3806
2482.00  0.3654
2484.00  0.3502
2486.00  0.3741
2488.00  0.3646
2490.00  0.3884
2492.00  0.3689
2494.00  0.3837
2496.00  0.3671
2498.00  0.3925
2500.00  0.3604
