250	0.962
251	0.963
252	0.965
253	0.966
254	0.966
255	0.967
256	0.968
257	0.969
258	0.970
259	0.970
260	0.970
261	0.970
262	0.971
263	0.973
264	0.973
265	0.973
266	0.972
267	0.973
268	0.974
269	0.974
270	0.974
271	0.974
272	0.974
273	0.976
274	0.975
275	0.975
276	0.976
277	0.976
278	0.977
279	0.977
280	0.977
281	0.977
282	0.978
283	0.979
284	0.979
285	0.980
286	0.980
287	0.980
288	0.981
289	0.981
290	0.981
291	0.982
292	0.983
293	0.983
294	0.984
295	0.985
296	0.985
297	0.985
298	0.986
299	0.986
300	0.986
301	0.986
302	0.986
303	0.986
304	0.986
305	0.987
306	0.986
307	0.986
308	0.987
309	0.987
310	0.988
311	0.988
312	0.987
313	0.988
314	0.988
315	0.987
316	0.987
317	0.986
318	0.988
319	0.988
320	0.987
321	0.986
322	0.987
323	0.988
324	0.988
325	0.988
326	0.987
327	0.987
328	0.988
329	0.988
330	0.987
331	0.987
332	0.987
333	0.986
334	0.987
335	0.987
336	0.988
337	0.988
338	0.988
339	0.988
340	0.988
341	0.988
342	0.988
343	0.988
344	0.988
345	0.988
346	0.988
347	0.988
348	0.988
349	0.988
350	0.989
351	0.989
352	0.988
353	0.988
354	0.988
355	0.988
356	0.988
357	0.988
358	0.988
359	0.988
360	0.988
361	0.988
362	0.988
363	0.988
364	0.988
365	0.989
366	0.989
367	0.989
368	0.989
369	0.989
370	0.988
371	0.989
372	0.989
373	0.989
374	0.988
375	0.989
376	0.988
377	0.988
378	0.988
379	0.989
380	0.988
381	0.988
382	0.988
383	0.988
384	0.989
385	0.989
386	0.989
387	0.989
388	0.989
389	0.989
390	0.989
391	0.990
392	0.989
393	0.989
394	0.989
395	0.991
396	0.990
397	0.990
398	0.990
399	0.991
400	0.990
401	0.990
402	0.990
403	0.990
404	0.990
405	0.990
406	0.990
407	0.990
408	0.989
409	0.990
410	0.990
411	0.990
412	0.990
413	0.991
414	0.990
415	0.991
416	0.990
417	0.990
418	0.990
419	0.990
420	0.990
421	0.990
422	0.990
423	0.990
424	0.990
425	0.990
426	0.990
427	0.990
428	0.991
429	0.990
430	0.990
431	0.990
432	0.990
433	0.990
434	0.990
435	0.989
436	0.990
437	0.990
438	0.989
439	0.990
440	0.990
441	0.990
442	0.990
443	0.990
444	0.990
445	0.990
446	0.989
447	0.990
448	0.990
449	0.990
450	0.989
451	0.990
452	0.989
453	0.990
454	0.989
455	0.990
456	0.990
457	0.989
458	0.989
459	0.990
460	0.990
461	0.989
462	0.989
463	0.990
464	0.990
465	0.989
466	0.990
467	0.990
468	0.989
469	0.990
470	0.989
471	0.989
472	0.989
473	0.991
474	0.991
475	0.991
476	0.990
477	0.991
478	0.990
479	0.991
480	0.991
481	0.991
482	0.991
483	0.991
484	0.991
485	0.990
486	0.991
487	0.991
488	0.991
489	0.990
490	0.991
491	0.990
492	0.990
493	0.991
494	0.991
495	0.990
496	0.990
497	0.991
498	0.991
499	0.991
500	0.991
501	0.990
502	0.990
503	0.990
504	0.990
505	0.991
506	0.990
507	0.990
508	0.990
509	0.991
510	0.990
511	0.991
512	0.990
513	0.990
514	0.990
515	0.990
516	0.990
517	0.991
518	0.990
519	0.991
520	0.990
521	0.991
522	0.991
523	0.990
524	0.990
525	0.990
526	0.990
527	0.990
528	0.990
529	0.990
530	0.990
531	0.990
532	0.991
533	0.991
534	0.990
535	0.991
536	0.990
537	0.990
538	0.990
539	0.990
540	0.991
541	0.991
542	0.990
543	0.990
544	0.990
545	0.990
546	0.990
547	0.990
548	0.990
549	0.990
550	0.990
551	0.990
552	0.990
553	0.990
554	0.990
555	0.990
556	0.990
557	0.990
558	0.990
559	0.990
560	0.990
561	0.990
562	0.990
563	0.990
564	0.990
565	0.990
566	0.990
567	0.990
568	0.991
569	0.990
570	0.990
571	0.990
572	0.990
573	0.991
574	0.991
575	0.991
576	0.991
577	0.990
578	0.990
579	0.990
580	0.990
581	0.991
582	0.991
583	0.991
584	0.991
585	0.990
586	0.990
587	0.990
588	0.990
589	0.990
590	0.990
591	0.990
592	0.990
593	0.990
594	0.990
595	0.990
596	0.990
597	0.991
598	0.991
599	0.990
600	0.990
601	0.991
602	0.990
603	0.991
604	0.991
605	0.990
606	0.991
607	0.991
608	0.990
609	0.990
610	0.990
611	0.990
612	0.990
613	0.990
614	0.990
615	0.990
616	0.990
617	0.990
618	0.990
619	0.990
620	0.990
621	0.990
622	0.990
623	0.990
624	0.990
625	0.990
626	0.990
627	0.990
628	0.990
629	0.990
630	0.990
631	0.990
632	0.990
633	0.991
634	0.990
635	0.990
636	0.990
637	0.990
638	0.990
639	0.990
640	0.990
641	0.990
642	0.990
643	0.990
644	0.990
645	0.990
646	0.990
647	0.990
648	0.990
649	0.990
650	0.990
651	0.990
652	0.990
653	0.990
654	0.990
655	0.990
656	0.990
657	0.990
658	0.991
659	0.991
660	0.990
661	0.990
662	0.990
663	0.990
664	0.990
665	0.990
666	0.990
667	0.990
668	0.990
669	0.990
670	0.990
671	0.990
672	0.991
673	0.991
674	0.990
675	0.990
676	0.990
677	0.990
678	0.990
679	0.990
680	0.990
681	0.991
682	0.990
683	0.990
684	0.990
685	0.989
686	0.990
687	0.990
688	0.990
689	0.990
690	0.990
691	0.989
692	0.990
693	0.990
694	0.990
695	0.990
696	0.990
697	0.990
698	0.989
699	0.990
700	0.990
701	0.990
702	0.990
703	0.990
704	0.990
705	0.990
706	0.990
707	0.990
708	0.990
709	0.990
710	0.990
711	0.990
712	0.991
713	0.991
714	0.990
715	0.990
716	0.990
717	0.990
718	0.990
719	0.990
720	0.990
721	0.990
722	0.989
723	0.991
724	0.990
725	0.990
726	0.990
727	0.990
728	0.989
729	0.990
730	0.990
731	0.990
732	0.990
733	0.990
734	0.990
735	0.990
736	0.990
737	0.989
738	0.990
739	0.990
740	0.990
741	0.990
742	0.990
743	0.990
744	0.990
745	0.989
746	0.989
747	0.990
748	0.990
749	0.990
750	0.989
751	0.990
752	0.990
753	0.989
754	0.989
755	0.990
756	0.990
757	0.989
758	0.990
759	0.989
760	0.990
761	0.990
762	0.990
763	0.989
764	0.989
765	0.990
766	0.989
767	0.989
768	0.989
769	0.990
770	0.989
771	0.989
772	0.990
773	0.989
774	0.989
775	0.989
776	0.990
777	0.989
778	0.989
779	0.989
780	0.989
781	0.989
782	0.989
783	0.990
784	0.990
785	0.990
786	0.990
787	0.989
788	0.989
789	0.988
790	0.989
791	0.989
792	0.988
793	0.989
794	0.988
795	0.988
796	0.990
797	0.990
798	0.990
799	0.988
800	0.989
801	0.990
802	0.989
803	0.989
804	0.989
805	0.989
806	0.989
807	0.989
808	0.990
809	0.988
810	0.990
811	0.989
812	0.989
813	0.990
814	0.989
815	0.989
816	0.989
817	0.989
818	0.989
819	0.989
820	0.989
821	0.990
822	0.989
823	0.989
824	0.990
825	0.989
826	0.990
827	0.990
828	0.989
829	0.989
830	0.989
831	0.989
832	0.989
833	0.989
834	0.989
835	0.988
836	0.988
837	0.989
838	0.988
839	0.989
840	0.988
841	0.990
842	0.991
843	0.990
844	0.989
845	0.989
846	0.988
847	0.990
848	0.992
849	0.988
850	0.988
851	0.988
852	0.989
853	0.989
854	0.987
855	0.991
856	0.990
857	0.991
858	0.990
859	0.991
860	0.988
861	0.990
862	0.990
863	0.991
864	0.990
865	0.990
866	0.990
867	0.990
868	0.991
869	0.992
870	0.991
871	0.990
872	0.990
873	0.990
874	0.991
875	0.991
876	0.991
877	0.991
878	0.991
879	0.990
880	0.990
881	0.991
882	0.990
883	0.990
884	0.990
885	0.990
886	0.990
887	0.990
888	0.990
889	0.991
890	0.990
891	0.990
892	0.990
893	0.991
894	0.990
895	0.991
896	0.991
897	0.991
898	0.991
899	0.991
900	0.990
901	0.991
902	0.991
903	0.991
904	0.991
905	0.990
906	0.991
907	0.991
908	0.991
909	0.991
910	0.991
911	0.991
912	0.991
913	0.991
914	0.991
915	0.991
916	0.991
917	0.990
918	0.990
919	0.991
920	0.991
921	0.990
922	0.990
923	0.990
924	0.990
925	0.990
926	0.990
927	0.990
928	0.990
929	0.990
930	0.990
931	0.989
932	0.989
933	0.990
934	0.990
935	0.990
936	0.990
937	0.991
938	0.991
939	0.991
940	0.991
941	0.990
942	0.990
943	0.990
944	0.990
945	0.990
946	0.990
947	0.990
948	0.990
949	0.990
950	0.990
951	0.990
952	0.990
953	0.990
954	0.990
955	0.990
956	0.990
957	0.990
958	0.990
959	0.990
960	0.990
961	0.990
962	0.990
963	0.990
964	0.990
965	0.990
966	0.991
967	0.991
968	0.990
969	0.990
970	0.990
971	0.990
972	0.990
973	0.990
974	0.990
975	0.990
976	0.990
977	0.990
978	0.990
979	0.990
980	0.990
981	0.990
982	0.990
983	0.990
984	0.990
985	0.990
986	0.990
987	0.990
988	0.990
989	0.990
990	0.990
991	0.991
992	0.991
993	0.990
994	0.990
995	0.990
996	0.990
997	0.990
998	0.990
999	0.990
1000	0.990
1001	0.990
1002	0.991
1003	0.990
1004	0.990
1005	0.990
1006	0.990
1007	0.990
1008	0.991
1009	0.990
1010	0.990
1011	0.990
1012	0.990
1013	0.990
1014	0.990
1015	0.990
1016	0.990
1017	0.990
1018	0.990
1019	0.990
1020	0.990
1021	0.990
1022	0.990
1023	0.990
1024	0.990
1025	0.990
1026	0.990
1027	0.990
1028	0.990
1029	0.990
1030	0.990
1031	0.990
1032	0.990
1033	0.990
1034	0.990
1035	0.990
1036	0.991
1037	0.990
1038	0.990
1039	0.990
1040	0.990
1041	0.990
1042	0.990
1043	0.990
1044	0.990
1045	0.990
1046	0.990
1047	0.990
1048	0.990
1049	0.990
1050	0.990
1051	0.990
1052	0.990
1053	0.990
1054	0.990
1055	0.990
1056	0.990
1057	0.990
1058	0.990
1059	0.990
1060	0.990
1061	0.990
1062	0.990
1063	0.990
1064	0.990
1065	0.990
1066	0.990
1067	0.990
1068	0.990
1069	0.990
1070	0.990
1071	0.990
1072	0.990
1073	0.990
1074	0.990
1075	0.990
1076	0.990
1077	0.990
1078	0.991
1079	0.990
1080	0.990
1081	0.990
1082	0.990
1083	0.990
1084	0.990
1085	0.990
1086	0.990
1087	0.990
1088	0.990
1089	0.990
1090	0.990
1091	0.990
1092	0.990
1093	0.990
1094	0.990
1095	0.990
1096	0.990
1097	0.990
1098	0.990
1099	0.990
1100	0.990
1101	0.990
1102	0.990
1103	0.990
1104	0.990
1105	0.990
1106	0.990
1107	0.990
1108	0.990
1109	0.990
1110	0.990
1111	0.990
1112	0.990
1113	0.990
1114	0.990
1115	0.990
1116	0.990
1117	0.990
1118	0.990
1119	0.990
1120	0.990
1121	0.990
1122	0.990
1123	0.990
1124	0.990
1125	0.990
1126	0.990
1127	0.990
1128	0.990
1129	0.990
1130	0.990
1131	0.990
1132	0.990
1133	0.990
1134	0.991
1135	0.990
1136	0.990
1137	0.990
1138	0.990
1139	0.990
1140	0.990
1141	0.990
1142	0.990
1143	0.990
1144	0.990
1145	0.990
1146	0.990
1147	0.990
1148	0.990
1149	0.990
1150	0.990
1151	0.990
1152	0.990
1153	0.990
1154	0.990
1155	0.990
1156	0.990
1157	0.990
1158	0.990
1159	0.990
1160	0.990
1161	0.990
1162	0.990
1163	0.990
1164	0.990
1165	0.990
1166	0.990
1167	0.990
1168	0.990
1169	0.990
1170	0.990
1171	0.990
1172	0.990
1173	0.990
1174	0.990
1175	0.990
1176	0.989
1177	0.989
1178	0.989
1179	0.989
1180	0.989
1181	0.989
1182	0.989
1183	0.989
1184	0.989
1185	0.989
1186	0.989
1187	0.989
1188	0.989
1189	0.989
1190	0.989
1191	0.989
1192	0.989
1193	0.989
1194	0.989
1195	0.989
1196	0.989
1197	0.989
1198	0.989
1199	0.989
1200	0.989
1201	0.989
1202	0.989
1203	0.989
1204	0.989
1205	0.989
1206	0.989
1207	0.989
1208	0.989
1209	0.989
1210	0.989
1211	0.989
1212	0.989
1213	0.989
1214	0.989
1215	0.989
1216	0.989
1217	0.989
1218	0.989
1219	0.989
1220	0.989
1221	0.989
1222	0.989
1223	0.989
1224	0.989
1225	0.989
1226	0.989
1227	0.989
1228	0.989
1229	0.989
1230	0.989
1231	0.989
1232	0.989
1233	0.989
1234	0.989
1235	0.989
1236	0.989
1237	0.989
1238	0.989
1239	0.989
1240	0.989
1241	0.989
1242	0.989
1243	0.989
1244	0.989
1245	0.989
1246	0.989
1247	0.989
1248	0.989
1249	0.989
1250	0.989
1251	0.989
1252	0.989
1253	0.989
1254	0.989
1255	0.989
1256	0.989
1257	0.989
1258	0.989
1259	0.989
1260	0.989
1261	0.989
1262	0.989
1263	0.989
1264	0.989
1265	0.989
1266	0.989
1267	0.989
1268	0.989
1269	0.989
1270	0.989
1271	0.989
1272	0.989
1273	0.989
1274	0.989
1275	0.989
1276	0.988
1277	0.988
1278	0.988
1279	0.988
1280	0.988
1281	0.988
1282	0.988
1283	0.988
1284	0.988
1285	0.988
1286	0.988
1287	0.988
1288	0.988
1289	0.988
1290	0.988
1291	0.988
1292	0.988
1293	0.988
1294	0.988
1295	0.988
1296	0.988
1297	0.988
1298	0.988
1299	0.988
1300	0.988
1301	0.988
1302	0.988
1303	0.988
1304	0.988
1305	0.988
1306	0.988
1307	0.988
1308	0.988
1309	0.988
1310	0.988
1311	0.988
1312	0.988
1313	0.988
1314	0.988
1315	0.988
1316	0.988
1317	0.988
1318	0.988
1319	0.988
1320	0.988
1321	0.988
1322	0.988
1323	0.988
1324	0.988
1325	0.988
1326	0.987
1327	0.987
1328	0.987
1329	0.987
1330	0.987
1331	0.987
1332	0.987
1333	0.987
1334	0.987
1335	0.987
1336	0.987
1337	0.987
1338	0.987
1339	0.987
1340	0.987
1341	0.987
1342	0.987
1343	0.987
1344	0.987
1345	0.987
1346	0.987
1347	0.987
1348	0.987
1349	0.987
1350	0.987
1351	0.987
1352	0.987
1353	0.987
1354	0.987
1355	0.987
1356	0.987
1357	0.987
1358	0.987
1359	0.987
1360	0.987
1361	0.987
1362	0.987
1363	0.987
1364	0.987
1365	0.987
1366	0.987
1367	0.987
1368	0.987
1369	0.987
1370	0.987
1371	0.987
1372	0.987
1373	0.987
1374	0.987
1375	0.987
1376	0.987
1377	0.987
1378	0.987
1379	0.987
1380	0.987
1381	0.987
1382	0.987
1383	0.987
1384	0.987
1385	0.987
1386	0.987
1387	0.987
1388	0.987
1389	0.987
1390	0.987
1391	0.987
1392	0.987
1393	0.987
1394	0.987
1395	0.987
1396	0.987
1397	0.987
1398	0.987
1399	0.987
1400	0.987
1401	0.986
1402	0.987
1403	0.987
1404	0.987
1405	0.987
1406	0.987
1407	0.987
1408	0.987
1409	0.987
1410	0.986
1411	0.987
1412	0.987
1413	0.987
1414	0.987
1415	0.987
1416	0.986
1417	0.987
1418	0.987
1419	0.987
1420	0.987
1421	0.987
1422	0.987
1423	0.987
1424	0.987
1425	0.988
1426	0.988
1427	0.987
1428	0.988
1429	0.988
1430	0.987
1431	0.987
1432	0.988
1433	0.988
1434	0.988
1435	0.988
1436	0.987
1437	0.988
1438	0.988
1439	0.987
1440	0.988
1441	0.988
1442	0.988
1443	0.988
1444	0.988
1445	0.988
1446	0.988
1447	0.987
1448	0.988
1449	0.988
1450	0.987
1451	0.988
1452	0.988
1453	0.987
1454	0.988
1455	0.987
1456	0.988
1457	0.987
1458	0.987
1459	0.987
1460	0.987
1461	0.988
1462	0.987
1463	0.988
1464	0.987
1465	0.987
1466	0.988
1467	0.988
1468	0.988
1469	0.987
1470	0.987
1471	0.988
1472	0.987
1473	0.988
1474	0.988
1475	0.987
1476	0.988
1477	0.988
1478	0.988
1479	0.988
1480	0.987
1481	0.988
1482	0.988
1483	0.988
1484	0.987
1485	0.987
1486	0.987
1487	0.987
1488	0.987
1489	0.988
1490	0.987
1491	0.987
1492	0.987
1493	0.987
1494	0.988
1495	0.987
1496	0.987
1497	0.988
1498	0.987
1499	0.987
1500	0.987
1501	0.987
1502	0.987
1503	0.987
1504	0.987
1505	0.987
1506	0.987
1507	0.987
1508	0.987
1509	0.988
1510	0.988
1511	0.988
1512	0.988
1513	0.988
1514	0.988
1515	0.987
1516	0.987
1517	0.988
1518	0.988
1519	0.987
1520	0.987
1521	0.988
1522	0.987
1523	0.987
1524	0.987
1525	0.987
1526	0.987
1527	0.987
1528	0.987
1529	0.987
1530	0.988
1531	0.987
1532	0.987
1533	0.987
1534	0.987
1535	0.987
1536	0.987
1537	0.987
1538	0.987
1539	0.987
1540	0.987
1541	0.987
1542	0.987
1543	0.987
1544	0.987
1545	0.987
1546	0.987
1547	0.987
1548	0.987
1549	0.987
1550	0.987
1551	0.987
1552	0.987
1553	0.987
1554	0.987
1555	0.987
1556	0.987
1557	0.987
1558	0.987
1559	0.987
1560	0.987
1561	0.987
1562	0.988
1563	0.987
1564	0.987
1565	0.988
1566	0.987
1567	0.987
1568	0.987
1569	0.987
1570	0.987
1571	0.987
1572	0.987
1573	0.987
1574	0.987
1575	0.987
1576	0.987
1577	0.988
1578	0.987
1579	0.987
1580	0.987
1581	0.987
1582	0.987
1583	0.987
1584	0.987
1585	0.987
1586	0.987
1587	0.987
1588	0.987
1589	0.987
1590	0.987
1591	0.988
1592	0.987
1593	0.987
1594	0.987
1595	0.987
1596	0.987
1597	0.987
1598	0.987
1599	0.987
1600	0.987
1601	0.987
1602	0.987
1603	0.987
1604	0.987
1605	0.987
1606	0.987
1607	0.987
1608	0.987
1609	0.987
1610	0.987
1611	0.987
1612	0.987
1613	0.987
1614	0.987
1615	0.987
1616	0.987
1617	0.987
1618	0.987
1619	0.987
1620	0.987
1621	0.987
1622	0.987
1623	0.987
1624	0.987
1625	0.987
1626	0.986
1627	0.986
1628	0.986
1629	0.986
1630	0.986
1631	0.986
1632	0.986
1633	0.986
1634	0.986
1635	0.986
1636	0.986
1637	0.986
1638	0.986
1639	0.986
1640	0.986
1641	0.985
1642	0.985
1643	0.985
1644	0.985
1645	0.985
1646	0.985
1647	0.986
1648	0.986
1649	0.986
1650	0.986
1651	0.986
1652	0.986
1653	0.986
1654	0.986
1655	0.986
1656	0.986
1657	0.985
1658	0.986
1659	0.986
1660	0.985
1661	0.985
1662	0.985
1663	0.986
1664	0.986
1665	0.986
1666	0.986
1667	0.986
1668	0.986
1669	0.985
1670	0.985
1671	0.986
1672	0.986
1673	0.985
1674	0.985
1675	0.986
1676	0.984
1677	0.984
1678	0.985
1679	0.985
1680	0.985
1681	0.985
1682	0.984
1683	0.985
1684	0.985
1685	0.985
1686	0.985
1687	0.985
1688	0.984
1689	0.985
1690	0.985
1691	0.984
1692	0.985
1693	0.985
1694	0.985
1695	0.985
1696	0.985
1697	0.984
1698	0.984
1699	0.984
1700	0.984
1701	0.984
1702	0.985
1703	0.985
1704	0.985
1705	0.985
1706	0.985
1707	0.985
1708	0.984
1709	0.984
1710	0.985
1711	0.985
1712	0.985
1713	0.985
1714	0.985
1715	0.985
1716	0.985
1717	0.985
1718	0.985
1719	0.985
1720	0.984
1721	0.985
1722	0.985
1723	0.985
1724	0.985
1725	0.985
1726	0.985
1727	0.985
1728	0.985
1729	0.985
1730	0.985
1731	0.985
1732	0.985
1733	0.985
1734	0.985
1735	0.985
1736	0.985
1737	0.985
1738	0.985
1739	0.985
1740	0.986
1741	0.986
1742	0.985
1743	0.985
1744	0.985
1745	0.984
1746	0.985
1747	0.985
1748	0.984
1749	0.985
1750	0.985
1751	0.985
1752	0.985
1753	0.985
1754	0.985
1755	0.985
1756	0.985
1757	0.985
1758	0.985
1759	0.985
1760	0.985
1761	0.985
1762	0.985
1763	0.984
1764	0.985
1765	0.985
1766	0.985
1767	0.985
1768	0.985
1769	0.985
1770	0.985
1771	0.985
1772	0.985
1773	0.985
1774	0.985
1775	0.984
1776	0.985
1777	0.985
1778	0.985
1779	0.984
1780	0.985
1781	0.985
1782	0.985
1783	0.985
1784	0.985
1785	0.985
1786	0.985
1787	0.984
1788	0.984
1789	0.985
1790	0.985
1791	0.986
1792	0.985
1793	0.985
1794	0.985
1795	0.985
1796	0.985
1797	0.985
1798	0.984
1799	0.985
1800	0.985
1801	0.985
1802	0.985
1803	0.985
1804	0.985
1805	0.985
1806	0.985
1807	0.984
1808	0.985
1809	0.984
1810	0.985
1811	0.984
1812	0.984
1813	0.984
1814	0.985
1815	0.985
1816	0.984
1817	0.984
1818	0.984
1819	0.983
1820	0.983
1821	0.984
1822	0.983
1823	0.982
1824	0.984
1825	0.983
1826	0.983
1827	0.983
1828	0.982
1829	0.983
1830	0.983
1831	0.982
1832	0.981
1833	0.982
1834	0.981
1835	0.982
1836	0.982
1837	0.982
1838	0.982
1839	0.982
1840	0.982
1841	0.982
1842	0.981
1843	0.982
1844	0.981
1845	0.981
1846	0.980
1847	0.979
1848	0.981
1849	0.980
1850	0.981
1851	0.980
1852	0.980
1853	0.980
1854	0.981
1855	0.980
1856	0.980
1857	0.980
1858	0.980
1859	0.981
1860	0.980
1861	0.979
1862	0.980
1863	0.980
1864	0.980
1865	0.981
1866	0.980
1867	0.981
1868	0.980
1869	0.981
1870	0.980
1871	0.980
1872	0.980
1873	0.980
1874	0.980
1875	0.980
1876	0.978
1877	0.979
1878	0.979
1879	0.979
1880	0.979
1881	0.979
1882	0.979
1883	0.980
1884	0.980
1885	0.979
1886	0.979
1887	0.979
1888	0.978
1889	0.979
1890	0.979
1891	0.979
1892	0.979
1893	0.979
1894	0.977
1895	0.977
1896	0.978
1897	0.979
1898	0.979
1899	0.978
1900	0.978
1901	0.979
1902	0.979
1903	0.978
1904	0.979
1905	0.980
1906	0.979
1907	0.979
1908	0.981
1909	0.979
1910	0.978
1911	0.979
1912	0.977
1913	0.978
1914	0.979
1915	0.979
1916	0.979
1917	0.979
1918	0.979
1919	0.978
1920	0.978
1921	0.977
1922	0.977
1923	0.979
1924	0.978
1925	0.978
1926	0.978
1927	0.978
1928	0.978
1929	0.978
1930	0.977
1931	0.977
1932	0.978
1933	0.977
1934	0.977
1935	0.978
1936	0.977
1937	0.977
1938	0.978
1939	0.977
1940	0.977
1941	0.978
1942	0.976
1943	0.977
1944	0.978
1945	0.977
1946	0.977
1947	0.978
1948	0.977
1949	0.977
1950	0.977
1951	0.977
1952	0.978
1953	0.977
1954	0.976
1955	0.977
1956	0.978
1957	0.978
1958	0.977
1959	0.976
1960	0.976
1961	0.976
1962	0.977
1963	0.977
1964	0.977
1965	0.976
1966	0.975
1967	0.975
1968	0.975
1969	0.976
1970	0.976
1971	0.976
1972	0.976
1973	0.975
1974	0.976
1975	0.977
1976	0.975
1977	0.974
1978	0.974
1979	0.974
1980	0.975
1981	0.975
1982	0.975
1983	0.975
1984	0.975
1985	0.975
1986	0.975
1987	0.975
1988	0.975
1989	0.974
1990	0.974
1991	0.974
1992	0.974
1993	0.973
1994	0.972
1995	0.972
1996	0.973
1997	0.974
1998	0.974
1999	0.974
2000	0.973
2001	0.973
2002	0.972
2003	0.971
2004	0.973
2005	0.972
2006	0.971
2007	0.971
2008	0.970
2009	0.971
2010	0.971
2011	0.970
2012	0.970
2013	0.970
2014	0.970
2015	0.970
2016	0.970
2017	0.969
2018	0.969
2019	0.969
2020	0.969
2021	0.969
2022	0.969
2023	0.967
2024	0.966
2025	0.967
2026	0.967
2027	0.967
2028	0.965
2029	0.966
2030	0.966
2031	0.966
2032	0.965
2033	0.965
2034	0.966
2035	0.965
2036	0.964
2037	0.964
2038	0.963
2039	0.964
2040	0.965
2041	0.964
2042	0.964
2043	0.963
2044	0.962
2045	0.961
2046	0.962
2047	0.962
2048	0.960
2049	0.961
2050	0.962
2051	0.962
2052	0.961
2053	0.960
2054	0.960
2055	0.962
2056	0.959
2057	0.959
2058	0.960
2059	0.961
2060	0.962
2061	0.961
2062	0.961
2063	0.962
2064	0.960
2065	0.960
2066	0.960
2067	0.959
2068	0.961
2069	0.959
2070	0.960
2071	0.961
2072	0.959
2073	0.959
2074	0.958
2075	0.959
2076	0.958
2077	0.956
2078	0.958
2079	0.958
2080	0.957
2081	0.958
2082	0.959
2083	0.957
2084	0.958
2085	0.958
2086	0.955
2087	0.955
2088	0.956
2089	0.955
2090	0.957
2091	0.955
2092	0.955
2093	0.955
2094	0.957
2095	0.954
2096	0.955
2097	0.955
2098	0.954
2099	0.956
2100	0.953
2101	0.955
2102	0.954
2103	0.953
2104	0.952
2105	0.956
2106	0.955
2107	0.954
2108	0.952
2109	0.953
2110	0.954
2111	0.954
2112	0.952
2113	0.952
2114	0.954
2115	0.953
2116	0.952
2117	0.951
2118	0.951
2119	0.949
2120	0.952
2121	0.953
2122	0.954
2123	0.952
2124	0.950
2125	0.952
2126	0.953
2127	0.950
2128	0.951
2129	0.950
2130	0.951
2131	0.950
2132	0.950
2133	0.950
2134	0.949
2135	0.952
2136	0.950
2137	0.949
2138	0.950
2139	0.951
2140	0.950
2141	0.949
2142	0.949
2143	0.952
2144	0.951
2145	0.951
2146	0.952
2147	0.950
2148	0.949
2149	0.950
2150	0.952
2151	0.949
2152	0.950
2153	0.950
2154	0.949
2155	0.953
2156	0.953
2157	0.951
2158	0.953
2159	0.954
2160	0.954
2161	0.955
2162	0.953
2163	0.952
2164	0.955
2165	0.957
2166	0.958
2167	0.957
2168	0.955
2169	0.956
2170	0.958
2171	0.956
2172	0.958
2173	0.959
2174	0.958
2175	0.958
2176	0.959
2177	0.961
2178	0.957
2179	0.960
2180	0.962
2181	0.959
2182	0.957
2183	0.963
2184	0.963
2185	0.963
2186	0.961
2187	0.963
2188	0.962
2189	0.961
2190	0.963
2191	0.962
2192	0.962
2193	0.967
2194	0.966
2195	0.966
2196	0.965
2197	0.964
2198	0.965
2199	0.967
2200	0.967
2201	0.963
2202	0.964
2203	0.965
2204	0.968
2205	0.968
2206	0.966
2207	0.968
2208	0.965
2209	0.966
2210	0.967
2211	0.965
2212	0.965
2213	0.967
2214	0.967
2215	0.968
2216	0.968
2217	0.970
2218	0.968
2219	0.968
2220	0.967
2221	0.967
2222	0.967
2223	0.967
2224	0.968
2225	0.971
2226	0.968
2227	0.968
2228	0.969
2229	0.970
2230	0.969
2231	0.966
2232	0.969
2233	0.968
2234	0.970
2235	0.969
2236	0.969
2237	0.968
2238	0.966
2239	0.968
2240	0.967
2241	0.966
2242	0.967
2243	0.969
2244	0.966
2245	0.968
2246	0.967
2247	0.966
2248	0.966
2249	0.964
2250	0.967
2251	0.967
2252	0.964
2253	0.966
2254	0.968
2255	0.968
2256	0.967
2257	0.968
2258	0.967
2259	0.968
2260	0.967
2261	0.968
2262	0.966
2263	0.966
2264	0.965
2265	0.965
2266	0.964
2267	0.968
2268	0.967
2269	0.968
2270	0.967
2271	0.965
2272	0.963
2273	0.963
2274	0.965
2275	0.966
2276	0.964
2277	0.964
2278	0.964
2279	0.963
2280	0.960
2281	0.962
2282	0.963
2283	0.964
2284	0.961
2285	0.961
2286	0.960
2287	0.963
2288	0.964
2289	0.964
2290	0.964
2291	0.963
2292	0.962
2293	0.962
2294	0.963
2295	0.962
2296	0.961
2297	0.961
2298	0.962
2299	0.960
2300	0.958
2301	0.961
2302	0.963
2303	0.962
2304	0.960
2305	0.958
2306	0.957
2307	0.958
2308	0.957
2309	0.960
2310	0.959
2311	0.960
2312	0.962
2313	0.962
2314	0.960
2315	0.960
2316	0.959
2317	0.957
2318	0.955
2319	0.955
2320	0.956
2321	0.957
2322	0.956
2323	0.955
2324	0.956
2325	0.955
2326	0.956
2327	0.956
2328	0.955
2329	0.955
2330	0.957
2331	0.956
2332	0.952
2333	0.952
2334	0.954
2335	0.953
2336	0.957
2337	0.958
2338	0.952
2339	0.951
2340	0.949
2341	0.949
2342	0.952
2343	0.952
2344	0.949
2345	0.950
2346	0.954
2347	0.954
2348	0.954
2349	0.954
2350	0.953
2351	0.952
2352	0.952
2353	0.950
2354	0.951
2355	0.949
2356	0.944
2357	0.943
2358	0.946
2359	0.947
2360	0.951
2361	0.952
2362	0.946
2363	0.947
2364	0.948
2365	0.947
2366	0.949
2367	0.948
2368	0.945
2369	0.947
2370	0.951
2371	0.947
2372	0.944
2373	0.943
2374	0.945
2375	0.948
2376	0.946
2377	0.944
2378	0.945
2379	0.947
2380	0.945
2381	0.946
2382	0.948
2383	0.948
2384	0.951
2385	0.946
2386	0.944
2387	0.943
2388	0.946
2389	0.947
2390	0.940
2391	0.941
2392	0.946
2393	0.947
2394	0.952
2395	0.952
2396	0.950
2397	0.949
2398	0.947
2399	0.944
2400	0.944
2401	0.947
2402	0.944
2403	0.948
2404	0.949
2405	0.950
2406	0.953
2407	0.948
2408	0.950
2409	0.951
2410	0.944
2411	0.945
2412	0.943
2413	0.948
2414	0.943
2415	0.940
2416	0.943
2417	0.943
2418	0.943
2419	0.940
2420	0.940
2421	0.942
2422	0.944
2423	0.951
2424	0.945
2425	0.948
2426	0.948
2427	0.947
2428	0.940
2429	0.946
2430	0.943
2431	0.943
2432	0.943
2433	0.943
2434	0.946
2435	0.947
2436	0.947
2437	0.947
2438	0.943
2439	0.954
2440	0.947
2441	0.944
2442	0.942
2443	0.937
2444	0.937
2445	0.943
2446	0.951
2447	0.952
2448	0.950
2449	0.946
2450	0.946
2451	0.944
2452	0.951
2453	0.945
2454	0.949
2455	0.949
2456	0.947
2457	0.947
2458	0.944
2459	0.946
2460	0.939
2461	0.941
2462	0.950
2463	0.944
2464	0.943
2465	0.944
2466	0.937
2467	0.950
2468	0.949
2469	0.950
2470	0.953
2471	0.946
2472	0.954
2473	0.941
2474	0.954
2475	0.942
2476	0.942
2477	0.952
2478	0.946
2479	0.935
2480	0.948
2481	0.952
2482	0.954
2483	0.935
2484	0.950
2485	0.938
2486	0.943
2487	0.955
2488	0.947
2489	0.948
2490	0.936
2491	0.946
2492	0.944
2493	0.938
2494	0.947
2495	0.946
2496	0.949
2497	0.937
2498	0.954
2499	0.943
2500	0.943
