250	0.9528
252	0.9528
254	0.9515
256	0.9491
258	0.9494
260	0.9464
262	0.9438
264	0.9402
266	0.9381
268	0.9328
270	0.9294
272	0.9284
274	0.9228
276	0.9212
278	0.9202
280	0.9229
282	0.9213
284	0.9279
286	0.9392
288	0.9503
290	0.9555
292	0.9622
294	0.969
296	0.9705
298	0.976
300	0.9772
302	0.978
304	0.979
306	0.9809
308	0.9831
310	0.9802
312	0.9837
314	0.9824
316	0.9832
318	0.9815
320	0.9795
322	0.9812
324	0.9865
326	0.9787
328	0.9823
330	0.9831
332	0.9868
334	0.9817
336	0.983
338	0.9808
340	0.9855
342	0.9858
344	0.9836
346	0.9839
348	0.9858
350	0.9886
352	0.9856
354	0.9879
356	0.9863
358	0.9874
360	0.9861
362	0.9871
364	0.9895
366	0.9892
368	0.9864
370	0.9875
372	0.9826
374	0.9837
376	0.985
378	0.9879
380	0.9873
382	0.9844
384	0.9862
386	0.9871
388	0.9862
390	0.9867
392	0.987
394	0.9871
396	0.9856
398	0.9865
400	0.9857
402	0.9894
404	0.9875
406	0.9874
408	0.9855
410	0.9861
412	0.9877
414	0.987
416	0.9878
418	0.9888
420	0.9871
422	0.9878
424	0.9886
426	0.9875
428	0.9866
430	0.9863
432	0.9858
434	0.9884
436	0.9866
438	0.9859
440	0.9873
442	0.9858
444	0.9868
446	0.9865
448	0.9877
450	0.9881
452	0.9862
454	0.9863
456	0.9872
458	0.9873
460	0.9873
462	0.9871
464	0.9874
466	0.9873
468	0.9879
470	0.9875
472	0.9877
474	0.9864
476	0.9871
478	0.9875
480	0.9884
482	0.9887
484	0.9868
486	0.9876
488	0.9877
490	0.987
492	0.9874
494	0.9866
496	0.9878
498	0.9876
500	0.9881
502	0.9872
504	0.9871
506	0.9882
508	0.9866
510	0.9872
512	0.9875
514	0.9878
516	0.9875
518	0.9876
520	0.9876
522	0.9873
524	0.9882
526	0.9865
528	0.9876
530	0.9874
532	0.9874
534	0.9872
536	0.9868
538	0.9864
540	0.987
542	0.9876
544	0.987
546	0.9873
548	0.9866
550	0.9877
552	0.987
554	0.988
556	0.9855
558	0.9867
560	0.9859
562	0.9863
564	0.9874
566	0.9867
568	0.9875
570	0.987
572	0.9875
574	0.9863
576	0.9863
578	0.9876
580	0.9858
582	0.9857
584	0.987
586	0.9871
588	0.9867
590	0.9871
592	0.9865
594	0.9866
596	0.9866
598	0.9876
600	0.9874
602	0.988
604	0.9862
606	0.9869
608	0.9871
610	0.9856
612	0.9863
614	0.9862
616	0.9872
618	0.986
620	0.986
622	0.9862
624	0.9868
626	0.985
628	0.9868
630	0.9874
632	0.9871
634	0.9873
636	0.9881
638	0.9878
640	0.9868
642	0.9872
644	0.9871
646	0.9857
648	0.9855
650	0.9852
652	0.9866
654	0.9858
656	0.9863
658	0.9866
660	0.9868
662	0.9854
664	0.9869
666	0.9876
668	0.9865
670	0.9869
672	0.9861
674	0.9869
676	0.9859
678	0.9874
680	0.9876
682	0.9855
684	0.9857
686	0.9856
688	0.986
690	0.9863
692	0.9864
694	0.9863
696	0.9863
698	0.9867
700	0.9862
702	0.9862
704	0.9857
706	0.986
708	0.986
710	0.9868
712	0.9856
714	0.9867
716	0.9857
718	0.9853
720	0.9856
722	0.9867
724	0.9854
726	0.984
728	0.9864
730	0.9848
732	0.9857
734	0.987
736	0.9862
738	0.9838
740	0.986
742	0.9856
744	0.9857
746	0.9857
748	0.9873
750	0.9853
752	0.9867
754	0.9853
756	0.9854
758	0.9875
760	0.9849
762	0.986
764	0.987
766	0.9854
768	0.9857
770	0.9857
772	0.9846
774	0.9862
776	0.9845
778	0.9868
780	0.9897
782	0.9887
784	0.9866
786	0.9868
788	0.9863
790	0.985
792	0.9884
794	0.9864
796	0.9868
798	0.9869
800	0.9878
802	0.9855
804	0.9864
806	0.9867
808	0.9868
810	0.9863
812	0.9864
814	0.9886
816	0.9874
818	0.9858
820	0.9847
822	0.9867
824	0.9866
826	0.9875
828	0.9869
830	0.9862
832	0.9863
834	0.989
836	0.986
838	0.9851
840	0.9839
842	0.9865
844	0.9844
846	0.9862
848	0.9838
850	0.985
852	0.9842
854	0.9867
856	0.9837
858	0.9863
860	0.9866
862	0.9842
864	0.9836
866	0.9915
868	0.9875
870	0.9915
872	0.9863
874	0.9833
876	0.9824
878	0.9811
880	0.9822
882	0.9891
884	0.985
886	0.9846
888	0.9864
890	0.9857
892	0.9835
894	0.9859
896	0.9845
898	0.9867
900	0.982
902	0.9847
904	0.9836
906	0.9849
908	0.9853
910	0.9849
912	0.9834
914	0.9843
916	0.9851
918	0.9848
920	0.9848
922	0.984
924	0.985
926	0.9834
928	0.9861
930	0.9836
932	0.9836
934	0.9852
936	0.9843
938	0.9849
940	0.9843
942	0.9854
944	0.9846
946	0.9846
948	0.985
950	0.985
952	0.9839
954	0.9845
956	0.9855
958	0.9835
960	0.9853
962	0.9847
964	0.9835
966	0.9841
968	0.9854
970	0.986
972	0.984
974	0.9846
976	0.9849
978	0.9859
980	0.9845
982	0.9863
984	0.9836
986	0.9844
988	0.9852
990	0.9853
992	0.9846
994	0.9845
996	0.9838
998	0.9854
1000	0.9852
1002	0.9837
1004	0.9838
1006	0.9846
1008	0.985
1010	0.9848
1012	0.9841
1014	0.9852
1016	0.9844
1018	0.9846
1020	0.9847
1022	0.9841
1024	0.9828
1026	0.9838
1028	0.9845
1030	0.9853
1032	0.9844
1034	0.9834
1036	0.9847
1038	0.9845
1040	0.9852
1042	0.9846
1044	0.9855
1046	0.9838
1048	0.9845
1050	0.9841
1052	0.9861
1054	0.985
1056	0.9838
1058	0.984
1060	0.9839
1062	0.9845
1064	0.9847
1066	0.9842
1068	0.985
1070	0.9844
1072	0.984
1074	0.9854
1076	0.9863
1078	0.9843
1080	0.9838
1082	0.9842
1084	0.985
1086	0.985
1088	0.9843
1090	0.9839
1092	0.9849
1094	0.9853
1096	0.9856
1098	0.9841
1100	0.9854
1102	0.9842
1104	0.9849
1106	0.9832
1108	0.9846
1110	0.984
1112	0.9834
1114	0.985
1116	0.9837
1118	0.9834
1120	0.9853
1122	0.9833
1124	0.9849
1126	0.9823
1128	0.9847
1130	0.9842
1132	0.9842
1134	0.9847
1136	0.9846
1138	0.9836
1140	0.9849
1142	0.9838
1144	0.9836
1146	0.9849
1148	0.9842
1150	0.9838
1152	0.9836
1154	0.9838
1156	0.9835
1158	0.9833
1160	0.9847
1162	0.9842
1164	0.9839
1166	0.9856
1168	0.9845
1170	0.9844
1172	0.9838
1174	0.9837
1176	0.9847
1178	0.9834
1180	0.9848
1182	0.9828
1184	0.983
1186	0.984
1188	0.9845
1190	0.9843
1192	0.9846
1194	0.984
1196	0.9843
1198	0.9841
1200	0.9836
1202	0.9846
1204	0.9837
1206	0.9851
1208	0.9846
1210	0.9849
1212	0.9832
1214	0.9841
1216	0.9839
1218	0.9848
1220	0.9827
1222	0.9855
1224	0.985
1226	0.9846
1228	0.9834
1230	0.9852
1232	0.9848
1234	0.9847
1236	0.9852
1238	0.9837
1240	0.9851
1242	0.983
1244	0.9841
1246	0.984
1248	0.9832
1250	0.9823
1252	0.9839
1254	0.9848
1256	0.9832
1258	0.9832
1260	0.9826
1262	0.9822
1264	0.9859
1266	0.9831
1268	0.9821
1270	0.9833
1272	0.9823
1274	0.9843
1276	0.9823
1278	0.9815
1280	0.9818
1282	0.9817
1284	0.9828
1286	0.983
1288	0.9813
1290	0.9806
1292	0.9813
1294	0.9811
1296	0.9805
1298	0.9813
1300	0.9812
1302	0.9805
1304	0.9807
1306	0.9806
1308	0.9816
1310	0.9816
1312	0.9814
1314	0.9813
1316	0.9794
1318	0.9808
1320	0.9807
1322	0.9814
1324	0.9811
1326	0.982
1328	0.9821
1330	0.9801
1332	0.9808
1334	0.9829
1336	0.9814
1338	0.9809
1340	0.9816
1342	0.9817
1344	0.982
1346	0.9814
1348	0.9806
1350	0.9817
1352	0.9808
1354	0.9821
1356	0.9808
1358	0.9814
1360	0.9797
1362	0.9805
1364	0.9806
1366	0.9808
1368	0.9816
1370	0.9821
1372	0.9802
1374	0.98
1376	0.9811
1378	0.9798
1380	0.9798
1382	0.9806
1384	0.9811
1386	0.9807
1388	0.9804
1390	0.9799
1392	0.9789
1394	0.9802
1396	0.9794
1398	0.9798
1400	0.9803
1402	0.9802
1404	0.9796
1406	0.98
1408	0.9809
1410	0.9797
1412	0.9798
1414	0.9809
1416	0.9803
1418	0.9807
1420	0.9801
1422	0.9812
1424	0.9794
1426	0.9792
1428	0.9796
1430	0.9796
1432	0.9803
1434	0.9805
1436	0.98
1438	0.9811
1440	0.9805
1442	0.98
1444	0.9806
1446	0.9808
1448	0.9806
1450	0.9813
1452	0.9806
1454	0.9798
1456	0.9815
1458	0.9808
1460	0.9819
1462	0.9798
1464	0.9805
1466	0.9819
1468	0.9812
1470	0.9809
1472	0.9809
1474	0.9803
1476	0.9809
1478	0.9815
1480	0.9811
1482	0.9819
1484	0.98
1486	0.9817
1488	0.9808
1490	0.9822
1492	0.9807
1494	0.9807
1496	0.981
1498	0.9806
1500	0.9795
1502	0.9813
1504	0.9801
1506	0.9814
1508	0.9814
1510	0.981
1512	0.9808
1514	0.9812
1516	0.9811
1518	0.9791
1520	0.9808
1522	0.9811
1524	0.9796
1526	0.9809
1528	0.9799
1530	0.9801
1532	0.9808
1534	0.98
1536	0.9808
1538	0.9795
1540	0.9801
1542	0.9801
1544	0.9793
1546	0.9807
1548	0.9812
1550	0.9806
1552	0.9791
1554	0.9816
1556	0.9803
1558	0.9807
1560	0.9799
1562	0.9798
1564	0.9816
1566	0.9803
1568	0.9808
1570	0.9805
1572	0.9795
1574	0.9817
1576	0.979
1578	0.9807
1580	0.98
1582	0.9797
1584	0.9803
1586	0.9784
1588	0.9801
1590	0.9802
1592	0.9806
1594	0.9802
1596	0.9806
1598	0.9796
1600	0.9801
1602	0.9796
1604	0.9793
1606	0.9807
1608	0.9784
1610	0.9813
1612	0.9789
1614	0.979
1616	0.9789
1618	0.9806
1620	0.9786
1622	0.9789
1624	0.9795
1626	0.9793
1628	0.9795
1630	0.9808
1632	0.9803
1634	0.9791
1636	0.9796
1638	0.9796
1640	0.9802
1642	0.9789
1644	0.9793
1646	0.9777
1648	0.9789
1650	0.9785
1652	0.9775
1654	0.9782
1656	0.9801
1658	0.9785
1660	0.9774
1662	0.9784
1664	0.9778
1666	0.9775
1668	0.9782
1670	0.9784
1672	0.9787
1674	0.9765
1676	0.9773
1678	0.9766
1680	0.978
1682	0.9793
1684	0.9781
1686	0.9771
1688	0.9774
1690	0.9756
1692	0.9781
1694	0.978
1696	0.9765
1698	0.9776
1700	0.9756
1702	0.9771
1704	0.9756
1706	0.9777
1708	0.9779
1710	0.9756
1712	0.9746
1714	0.976
1716	0.9762
1718	0.9755
1720	0.9757
1722	0.9744
1724	0.9755
1726	0.9747
1728	0.9754
1730	0.9751
1732	0.9757
1734	0.9767
1736	0.9768
1738	0.9742
1740	0.9761
1742	0.9741
1744	0.9757
1746	0.9754
1748	0.9754
1750	0.9739
1752	0.976
1754	0.9757
1756	0.9755
1758	0.9754
1760	0.9755
1762	0.9743
1764	0.9771
1766	0.9751
1768	0.9753
1770	0.9738
1772	0.975
1774	0.9747
1776	0.9769
1778	0.9744
1780	0.9747
1782	0.9745
1784	0.9749
1786	0.9766
1788	0.976
1790	0.9748
1792	0.9757
1794	0.9762
1796	0.9764
1798	0.9763
1800	0.9738
1802	0.9764
1804	0.9737
1806	0.9754
1808	0.9746
1810	0.9724
1812	0.9737
1814	0.9752
1816	0.9723
1818	0.9722
1820	0.972
1822	0.972
1824	0.9744
1826	0.9735
1828	0.9734
1830	0.9756
1832	0.9717
1834	0.9722
1836	0.9711
1838	0.9707
1840	0.9698
1842	0.9694
1844	0.969
1846	0.9685
1848	0.9694
1850	0.9703
1852	0.972
1854	0.9681
1856	0.9676
1858	0.9718
1860	0.9696
1862	0.9715
1864	0.9705
1866	0.9679
1868	0.966
1870	0.9696
1872	0.9663
1874	0.9673
1876	0.97
1878	0.9695
1880	0.9706
1882	0.9698
1884	0.9678
1886	0.9678
1888	0.97
1890	0.9703
1892	0.9707
1894	0.9685
1896	0.97
1898	0.9682
1900	0.9697
1902	0.9687
1904	0.965
1906	0.9674
1908	0.9698
1910	0.9669
1912	0.9706
1914	0.9659
1916	0.9689
1918	0.9693
1920	0.9707
1922	0.971
1924	0.9722
1926	0.9667
1928	0.9693
1930	0.971
1932	0.968
1934	0.9684
1936	0.9733
1938	0.9647
1940	0.9709
1942	0.969
1944	0.9692
1946	0.9654
1948	0.967
1950	0.9673
1952	0.9682
1954	0.9691
1956	0.9646
1958	0.9644
1960	0.9673
1962	0.9626
1964	0.9649
1966	0.963
1968	0.9655
1970	0.9626
1972	0.9664
1974	0.9626
1976	0.9643
1978	0.9614
1980	0.9609
1982	0.961
1984	0.9618
1986	0.9605
1988	0.9582
1990	0.9598
1992	0.9595
1994	0.96
1996	0.9587
1998	0.9571
2000	0.956
2002	0.9557
2004	0.9528
2006	0.9543
2008	0.9512
2010	0.9558
2012	0.9521
2014	0.9521
2016	0.9514
2018	0.9513
2020	0.9505
2022	0.9496
2024	0.9502
2026	0.9455
2028	0.9471
2030	0.947
2032	0.9439
2034	0.9417
2036	0.9425
2038	0.94
2040	0.9468
2042	0.9447
2044	0.941
2046	0.9443
2048	0.9406
2050	0.9405
2052	0.9357
2054	0.9413
2056	0.9413
2058	0.9391
2060	0.9343
2062	0.937
2064	0.9317
2066	0.9356
2068	0.9343
2070	0.9375
2072	0.9316
2074	0.9362
2076	0.9332
2078	0.9318
2080	0.9339
2082	0.9333
2084	0.9318
2086	0.9351
2088	0.9306
2090	0.9279
2092	0.9249
2094	0.9291
2096	0.9301
2098	0.9281
2100	0.9272
2102	0.9269
2104	0.9282
2106	0.9258
2108	0.9253
2110	0.9194
2112	0.9297
2114	0.9275
2116	0.9329
2118	0.9171
2120	0.9258
2122	0.9255
2124	0.9214
2126	0.9253
2128	0.9212
2130	0.9134
2132	0.9123
2134	0.9248
2136	0.9236
2138	0.9195
2140	0.9165
2142	0.9196
2144	0.9276
2146	0.9127
2148	0.9248
2150	0.9196
2152	0.9251
2154	0.9272
2156	0.9238
2158	0.9241
2160	0.927
2162	0.9243
2164	0.9284
2166	0.9234
2168	0.9369
2170	0.9341
2172	0.9372
2174	0.9325
2176	0.9394
2178	0.9366
2180	0.9359
2182	0.9397
2184	0.9406
2186	0.9467
2188	0.9422
2190	0.9396
2192	0.9384
2194	0.9475
2196	0.9511
2198	0.9469
2200	0.9496
2202	0.9497
2204	0.9442
2206	0.9494
2208	0.9514
2210	0.944
2212	0.946
2214	0.9494
2216	0.9553
2218	0.9503
2220	0.9502
2222	0.954
2224	0.9509
2226	0.9505
2228	0.9574
2230	0.9517
2232	0.9421
2234	0.9499
2236	0.9523
2238	0.9417
2240	0.9526
2242	0.9478
2244	0.9568
2246	0.9527
2248	0.9542
2250	0.945
2252	0.9497
2254	0.9519
2256	0.9566
2258	0.9431
2260	0.9403
2262	0.9497
2264	0.9521
2266	0.9523
2268	0.9453
2270	0.939
2272	0.9532
2274	0.9479
2276	0.9469
2278	0.9447
2280	0.9392
2282	0.9349
2284	0.9408
2286	0.9348
2288	0.9419
2290	0.9466
2292	0.9293
2294	0.9317
2296	0.9421
2298	0.9421
2300	0.9414
2302	0.9272
2304	0.9297
2306	0.9351
2308	0.9353
2310	0.9426
2312	0.9373
2314	0.9336
2316	0.941
2318	0.9263
2320	0.937
2322	0.9055
2324	0.9323
2326	0.9236
2328	0.9168
2330	0.931
2332	0.905
2334	0.9329
2336	0.9161
2338	0.9146
2340	0.9283
2342	0.9168
2344	0.9269
2346	0.9292
2348	0.9298
2350	0.9189
2352	0.9313
2354	0.9033
2356	0.9156
2358	0.9119
2360	0.908
2362	0.9205
2364	0.9225
2366	0.9361
2368	0.9246
2370	0.9184
2372	0.9106
2374	0.9193
2376	0.9092
2378	0.9496
2380	0.8947
2382	0.9167
2384	0.9208
2386	0.9179
2388	0.9238
2390	0.9016
2392	0.8974
2394	0.9273
2396	0.901
2398	0.9166
2400	0.8981
2402	0.9483
2404	0.9298
2406	0.9344
2408	0.9181
2410	0.9055
2412	0.9221
2414	0.8971
2416	0.9095
2418	0.9122
2420	0.9205
2422	0.9095
2424	0.8999
2426	0.9
2428	0.926
2430	0.9246
2432	0.9229
2434	0.9001
2436	0.9007
2438	0.9376
2440	0.9064
2442	0.8919
2444	0.936
2446	0.938
2448	0.9204
2450	0.8897
2452	0.9224
2454	0.8941
2456	0.8973
2458	0.9024
2460	0.9146
2462	0.9435
2464	0.8915
2466	0.893
2468	0.9135
2470	0.9163
2472	0.9155
2474	0.9247
2476	0.951
2478	0.8885
2480	0.9366
2482	0.8991
2484	0.8752
2486	0.9147
2488	0.9101
2490	0.923
2492	0.9181
2494	0.901
2496	0.9374
2498	0.951
2500	0.8893
